index:4
Unnamed: 0:9
mdot:6.7
m:28.8
idum:-100000
iidd:6272602
Z:0.0002
tage:10.0
mdot_gs:4.222849646360941e+20
LEdd:3.4560000000000004e+39
MEdd:4.608000000000001e+19
mdot_ratio:9.164170239498569
XLsph:1.71089417203137e+40
XLsph2:5.321100545070471e+39
LXtot:1.1112081435894212e+40
b:0.8692337159997686
Lx:1.2783767163372629e+40
ratio:3.215301341404575
ratio_beamed:3.6990067023647657
theta:2.8793089310197706
theta_deg:164.97224966175753
theta_half_deg:82.48612483087877
dincl:10.0