index:27
Unnamed: 0:34
mdot:11.0
m:24.6
idum:-130000
iidd:705688
Z:0.0002
tage:10.0
mdot_gs:6.933036732831395e+20
LEdd:2.952000000000001e+39
MEdd:3.936000000000001e+19
mdot_ratio:17.614422593575693
XLsph:6.496234423895943e+40
XLsph2:1.6791697844470386e+40
LXtot:1.1420455630492365e+40
b:0.2352805557003881
Lx:4.853973417605937e+40
ratio:3.868718032009608
ratio_beamed:16.442999382133927
theta:1.400381017499576
theta_deg:80.23592201296158
theta_half_deg:40.11796100648079
dincl:45.0