index:38
Unnamed: 0:65
mdot:6.4
m:27.0
idum:-150000
iidd:4002057
Z:0.0002
tage:10.0
mdot_gs:4.0337668263746306e+20
LEdd:3.240000000000001e+39
MEdd:4.320000000000001e+19
mdot_ratio:9.337423209200528
XLsph:1.6748835591325705e+40
XLsph2:5.178935847950375e+39
LXtot:1.047825825789516e+40
b:0.8372762527491249
Lx:1.2514696581314348e+40
ratio:3.234030326510852
ratio_beamed:3.8625606732451687
theta:2.8146915156083767
theta_deg:161.2699444756411
theta_half_deg:80.63497223782055
dincl:40.0