index:3
Unnamed: 0:8
mdot:36.0
m:24.6
idum:-100000
iidd:6066326
Z:0.0002
tage:10.0
mdot_gs:2.2689938398357288e+21
LEdd:2.952000000000001e+39
MEdd:3.936000000000001e+19
mdot_ratio:57.64720121533863
XLsph:9.090313078723894e+41
XLsph2:1.798515736068894e+41
LXtot:1.4920416691514013e+40
b:0.021966780277582528
Lx:6.7922638197189744e+41
ratio:5.054341697667348
ratio_beamed:230.09023779535815
theta:0.41997788487797627
theta_deg:24.062960292339202
theta_half_deg:12.031480146169601
dincl:45.0