index:68
Unnamed: 0:76
mdot:77.0
m:22.7
idum:-160000
iidd:5957843
Z:0.0002
tage:10.0
mdot_gs:4.853125712981976e+21
LEdd:2.724e+39
MEdd:3.632e+19
mdot_ratio:133.6213026702086
XLsph:5.256352290501308e+42
XLsph2:8.916613472125377e+41
LXtot:1.6058006421481262e+40
b:0.004088570185751278
Lx:3.9275359580333554e+42
ratio:5.8950096995158825
ratio_beamed:1441.8267099975608
theta:0.18091676086094174
theta_deg:10.365766840509565
theta_half_deg:5.1828834202547815
dincl:30.0