index:791
Unnamed: 0:17393
mdot:23.0
m:11.2
idum:-70000
iidd:772217
Z:0.002
tage:20.0
mdot_gs:1.4496349532283826e+21
LEdd:1.344e+39
MEdd:1.792e+19
mdot_ratio:80.89480765783384
XLsph:8.696098843123652e+41
XLsph2:1.612434184837891e+41
LXtot:7.24839311586117e+39
b:0.011155308023817652
Lx:6.497707728361383e+41
ratio:5.393149639777657
ratio_beamed:483.46039645546
theta:0.2990131782002064
theta_deg:17.13219312966502
theta_half_deg:8.56609656483251
dincl:15.0