index:792
Unnamed: 0:17417
mdot:1.8
m:6.5
idum:-80000
iidd:1190688
Z:0.002
tage:20.0
mdot_gs:1.1344969199178646e+20
LEdd:7.8e+38
MEdd:1.04e+19
mdot_ratio:10.908624229979468
XLsph:5.767910576524567e+39
XLsph2:1.7016725810498004e+39
LXtot:2.6438518783170652e+39
b:0.6134552625605536
Lx:4.3097712900557154e+39
ratio:3.3895536901500827
ratio_beamed:5.525347807763739
theta:2.3478283248295195
theta_deg:134.52065403400158
theta_half_deg:67.26032701700079
dincl:15.0