index:800
Unnamed: 0:17389
mdot:1.6
m:7.0
idum:-60000
iidd:7807410
Z:0.002
tage:20.0
mdot_gs:1.0084417065936577e+20
LEdd:8.4e+38
MEdd:1.12e+19
mdot_ratio:9.003943808871941
XLsph:3.9922609568842756e+39
XLsph2:1.2484934633451796e+39
LXtot:2.6860366531655805e+39
b:0.9004452430114042
Lx:2.9830094322921114e+39
ratio:3.197662682339977
ratio_beamed:3.5512017051096563
theta:2.9421527632990694
theta_deg:168.57293601978938
theta_half_deg:84.28646800989469
dincl:40.0