index:868
Unnamed: 0:3366
mdot:5.6
m:17.8
idum:-110000
iidd:7854570
Z:0.0002
tage:20.0
mdot_gs:3.529545973077801e+20
LEdd:2.1360000000000002e+39
MEdd:2.8480000000000004e+19
mdot_ratio:12.393068725694524
XLsph:2.1153864926917745e+40
XLsph2:6.014512049542088e+39
LXtot:7.512605363777834e+39
b:0.4752970775439123
Lx:1.5806125723724338e+40
ratio:3.5171373425926187
ratio_beamed:7.399871593503903
theta:2.036860453004846
theta_deg:116.70350741428264
theta_half_deg:58.35175370714132
dincl:30.0