index:874
Unnamed: 0:17360
mdot:7.6
m:28.2
idum:-50000
iidd:4358388
Z:0.002
tage:20.0
mdot_gs:4.790098106319872e+20
LEdd:3.384000000000001e+39
MEdd:4.512000000000001e+19
mdot_ratio:10.616352185992623
XLsph:2.351100619477916e+40
XLsph2:6.992338169045365e+39
LXtot:1.1378346275548462e+40
b:0.6476975069725949
Lx:1.7567376982400364e+40
ratio:3.3623954714977717
ratio_beamed:5.1913052548464425
theta:2.4215322625035087
theta_deg:138.74357859621642
theta_half_deg:69.37178929810821
dincl:5.0