index:877
Unnamed: 0:17357
mdot:0.21
m:1.3
idum:-50000
iidd:3652795
Z:0.002
tage:20.0
mdot_gs:1.3235797399041751e+19
LEdd:1.56e+38
MEdd:8.666666666666668e+17
mdot_ratio:15.272073921971252
XLsph:2.4854666531000145e+39
XLsph2:6.670556517715216e+38
LXtot:5.8126004457632206e+38
b:0.3129873788574253
Lx:1.857135730834382e+39
ratio:3.726025926771295
ratio_beamed:11.904716223297319
theta:1.6268529972467152
theta_deg:93.2118106304449
theta_half_deg:46.60590531522245
dincl:20.0