index:878
Unnamed: 0:17185
mdot:0.46
m:1.3
idum:-170000
iidd:6096709
Z:0.002
tage:20.0
mdot_gs:2.899269906456765e+19
LEdd:1.56e+38
MEdd:8.666666666666668e+17
mdot_ratio:33.45311430527037
XLsph:1.4435427025423117e+40
XLsph2:3.200657050223447e+39
LXtot:7.03582602143767e+38
b:0.0652303563686789
Lx:1.0786122310403324e+40
ratio:4.510144885536968
ratio_beamed:69.14180968207259
theta:0.7263724857752885
theta_deg:41.61807778935045
theta_half_deg:20.809038894675226
dincl:40.0