index:894
Unnamed: 0:17378
mdot:6.2
m:6.6
idum:-60000
iidd:2372737
Z:0.002
tage:20.0
mdot_gs:3.907711613050423e+20
LEdd:7.920000000000001e+38
MEdd:1.056e+19
mdot_ratio:37.00484482055325
XLsph:9.168188075530622e+40
XLsph2:1.988308600360564e+40
LXtot:3.651950685373231e+39
b:0.053309632106795915
Lx:6.85045186216485e+40
ratio:4.611048845168222
ratio_beamed:86.49560432026325
theta:0.6559886336318975
theta_deg:37.585380115661344
theta_half_deg:18.792690057830672
dincl:25.0