index:74
Unnamed: 0:74
mdot:3.7
m:8.3
idum:-160000
iidd:3328253
Z:0.0002
tage:10.0
mdot_gs:2.3320214464978328e+20
LEdd:9.96e+38
MEdd:1.3280000000000002e+19
mdot_ratio:17.560402458568014
XLsph:2.1766662374308361e+40
XLsph2:5.630794832095658e+39
LXtot:3.8501839209691937e+39
b:0.2367303444270397
Lx:1.626400675539853e+40
ratio:3.8656465069971815
ratio_beamed:16.329324051604946
theta:1.404874939747036
theta_deg:80.493404791201
theta_half_deg:40.2467023956005
dincl:45.0