index:902
Unnamed: 0:32192
mdot:0.79
m:1.2
idum:-150000
iidd:2051161
Z:0.02
tage:20.0
mdot_gs:4.9791809263061836e+19
LEdd:1.44e+38
MEdd:8e+17
mdot_ratio:62.239761578827284
XLsph:5.247365051931115e+40
XLsph2:1.0226800112467664e+40
LXtot:7.38863143083134e+38
b:0.018844604165583704
Lx:3.920820711281032e+40
ratio:5.130994049188431
ratio_beamed:272.2792160611828
theta:0.3888865122138613
theta_deg:22.281555859416994
theta_half_deg:11.140777929708495
dincl:5.0