index:907
Unnamed: 0:17235
mdot:0.57
m:1.3
idum:-10000
iidd:274035
Z:0.002
tage:20.0
mdot_gs:3.592573579739905e+19
LEdd:1.56e+38
MEdd:8.666666666666668e+17
mdot_ratio:41.45277207392196
XLsph:2.321849559017068e+40
XLsph2:4.914430414071822e+39
LXtot:7.37030542073658e+38
b:0.042483051423861065
Lx:1.7348813641472494e+40
ratio:4.724554756882423
ratio_beamed:111.21034385559288
theta:0.5850627864205334
theta_deg:33.52162841206046
theta_half_deg:16.76081420603023
dincl:40.0