index:912
Unnamed: 0:17201
mdot:2.8
m:9.5
idum:-180000
iidd:3737212
Z:0.002
tage:20.0
mdot_gs:1.7647729865389005e+20
LEdd:1.14e+39
MEdd:1.5200000000000004e+19
mdot_ratio:11.610348595650661
XLsph:9.725111983999696e+39
XLsph2:2.817324065311819e+39
LXtot:3.935162375625609e+39
b:0.5415422452763299
Lx:7.266584296886449e+39
ratio:3.4518968207242184
ratio_beamed:6.37419675165478
theta:2.1890745393504782
theta_deg:125.42473214432724
theta_half_deg:62.71236607216362
dincl:40.0