index:917
Unnamed: 0:17206
mdot:4.0
m:8.9
idum:-180000
iidd:5100883
Z:0.002
tage:20.0
mdot_gs:2.521104266484144e+20
LEdd:1.0680000000000001e+39
MEdd:1.4240000000000002e+19
mdot_ratio:17.70438389384932
XLsph:2.377458232143572e+40
XLsph2:6.137257193410295e+39
LXtot:4.1372315220154845e+39
b:0.23289556799651695
Lx:1.7764320539055332e+40
ratio:3.873812286531352
ratio_beamed:16.633258931699743
theta:1.3929620529676963
theta_deg:79.81084665692761
theta_half_deg:39.90542332846381
dincl:30.0