index:936
Unnamed: 0:17214
mdot:2.6
m:9.2
idum:-190000
iidd:16155
Z:0.002
tage:20.0
mdot_gs:1.6387177732146935e+20
LEdd:1.1040000000000001e+39
MEdd:1.472e+19
mdot_ratio:11.1325935680346
XLsph:8.553462397807288e+39
XLsph2:2.5084371045131596e+39
LXtot:3.7645043880866835e+39
b:0.5890201501730534
Lx:6.391130060628108e+39
ratio:3.4098771631219966
ratio_beamed:5.789067083902272
theta:2.294535417759252
theta_deg:131.46719538089232
theta_half_deg:65.73359769044616
dincl:30.0