index:944
Unnamed: 0:17103
mdot:3.7
m:8.8
idum:-120000
iidd:8799426
Z:0.002
tage:20.0
mdot_gs:2.3320214464978328e+20
LEdd:1.0560000000000002e+39
MEdd:1.4080000000000002e+19
mdot_ratio:16.56265231887665
XLsph:2.0219254836254028e+40
XLsph2:5.31086330754477e+39
LXtot:4.020350717133245e+39
b:0.2661111608713884
Lx:1.5107786926217204e+40
ratio:3.807150300315573
ratio_beamed:14.306616407402652
theta:1.4935338236603652
theta_deg:85.57318465577507
theta_half_deg:42.78659232788753
dincl:5.0