index:949
Unnamed: 0:17040
mdot:1100.0
m:8.7
idum:-100000
iidd:225030
Z:0.002
tage:20.0
mdot_gs:6.933036732831395e+22
LEdd:1.0440000000000001e+39
MEdd:1.392e+19
mdot_ratio:4980.6298368041635
XLsph:4.5169178163262367e+45
XLsph2:4.747997321539903e+44
LXtot:9.9318973472276e+39
b:0.0032
Lx:3.103717921008625e+42
ratio:9.513311635275477
ratio_beamed:2972.909886023587
theta:0.16004269741595525
theta_deg:9.16977110382352
theta_half_deg:4.5848855519117615
dincl:5.0