index:952
Unnamed: 0:17043
mdot:6.9
m:8.2
idum:-100000
iidd:1196631
Z:0.002
tage:20.0
mdot_gs:4.348904859685148e+20
LEdd:9.84e+38
MEdd:1.312e+19
mdot_ratio:33.14714069881973
XLsph:8.921409790505483e+40
XLsph2:1.9821142174592607e+40
LXtot:4.42894115613084e+39
b:0.06644016719117585
Lx:6.666059619306712e+40
ratio:4.500956459482562
ratio_beamed:67.74450832628773
theta:0.7331532076501732
theta_deg:42.00658453483339
theta_half_deg:21.003292267416693
dincl:5.0