index:78
Unnamed: 0:94
mdot:8.4
m:36.1
idum:-180000
iidd:5841924
Z:0.0002
tage:10.0
mdot_gs:5.2943189596167025e+20
LEdd:4.332000000000001e+39
MEdd:5.776000000000001e+19
mdot_ratio:9.166064680776838
XLsph:2.1455829925554532e+40
XLsph2:6.672609628370103e+39
LXtot:1.392958084080307e+40
b:0.8688744468655778
Lx:1.603175336903203e+40
ratio:3.2155080426599882
ratio_beamed:3.7007740925743375
theta:2.8785841520473032
theta_deg:164.9307228855553
theta_half_deg:82.46536144277765
dincl:40.0