index:958
Unnamed: 0:17122
mdot:71.0
m:10.0
idum:-140000
iidd:4083027
Z:0.002
tage:20.0
mdot_gs:4.474960073009355e+21
LEdd:1.2e+39
MEdd:1.6e+19
mdot_ratio:279.68500456308465
XLsph:1.1416014573657946e+43
XLsph2:1.7209214391039596e+42
LXtot:7.96039678343619e+39
b:0.0032
Lx:2.4876239948238092e+42
ratio:6.633663986196826
ratio_beamed:2073.019995686508
theta:0.16004269741595525
theta_deg:9.16977110382352
theta_half_deg:4.5848855519117615
dincl:20.0