index:961
Unnamed: 0:17125
mdot:150.0
m:9.0
idum:-140000
iidd:5636845
Z:0.002
tage:20.0
mdot_gs:9.454140999315541e+21
LEdd:1.0800000000000001e+39
MEdd:1.4400000000000002e+19
mdot_ratio:656.5375693969122
XLsph:6.389855314715502e+43
XLsph2:8.534623284586189e+42
LXtot:8.085938312422359e+39
b:0.0032
Lx:2.526855722631987e+42
ratio:7.48697991890959
ratio_beamed:2339.681224659247
theta:0.16004269741595525
theta_deg:9.16977110382352
theta_half_deg:4.5848855519117615
dincl:45.0