index:992
Unnamed: 0:17132
mdot:2.2
m:6.8
idum:-140000
iidd:7611994
Z:0.002
tage:20.0
mdot_gs:1.386607346566279e+20
LEdd:8.16e+38
MEdd:1.088e+19
mdot_ratio:12.74455281770477
XLsph:8.614097254622058e+39
XLsph2:2.429857452788068e+39
LXtot:2.8928048234707197e+39
b:0.4494420027590199
Lx:6.436436304823456e+39
ratio:3.5451039503317636
ratio_beamed:7.887789589244432
theta:1.9755276268083688
theta_deg:113.18939532761513
theta_half_deg:56.594697663807565
dincl:15.0