index:995
Unnamed: 0:17183
mdot:0.91
m:1.3
idum:-170000
iidd:5330203
Z:0.002
tage:20.0
mdot_gs:5.735512206251427e+19
LEdd:1.56e+38
MEdd:8.666666666666668e+17
mdot_ratio:66.17898699520876
XLsph:6.503861876652087e+40
XLsph2:1.2525822794376352e+40
LXtot:8.10008627308097e+38
b:0.01666796692140135
Lx:4.859672635107412e+40
ratio:5.1923629955647215
ratio_beamed:311.5174766094495
theta:0.3656717365103084
theta_deg:20.951447189260566
theta_half_deg:10.475723594630283
dincl:35.0