index:998
Unnamed: 0:17197
mdot:3.0
m:13.1
idum:-180000
iidd:1052850
Z:0.002
tage:20.0
mdot_gs:1.890828199863108e+20
LEdd:1.572e+39
MEdd:2.096e+19
mdot_ratio:9.021126907743836
XLsph:7.504246253748944e+39
XLsph2:2.3453926583595645e+39
LXtot:5.029722877679798e+39
b:0.8970182423404963
Lx:5.60715784838028e+39
ratio:3.1995692606105584
ratio_beamed:3.56689430558542
theta:2.935263341017215
theta_deg:168.17820119975573
theta_half_deg:84.08910059987787
dincl:10.0