index:1003
Unnamed: 0:17138
mdot:3.1
m:8.9
idum:-150000
iidd:2884939
Z:0.002
tage:20.0
mdot_gs:1.9538558065252116e+20
LEdd:1.0680000000000001e+39
MEdd:1.4240000000000002e+19
mdot_ratio:13.720897517733224
XLsph:1.3340027219207164e+40
XLsph2:3.686190101792056e+39
LXtot:3.865006599411936e+39
b:0.3877553681523697
Lx:9.967641757813572e+39
ratio:3.618920036902561
ratio_beamed:9.332997900574505
theta:1.823799882700664
theta_deg:104.49603595520264
theta_half_deg:52.24801797760132
dincl:5.0