index:1008
Unnamed: 0:17140
mdot:1.4
m:1.2
idum:-150000
iidd:4151563
Z:0.002
tage:20.0
mdot_gs:8.823864932694503e+19
LEdd:1.44e+38
MEdd:8e+17
mdot_ratio:110.29831165868127
XLsph:1.831721282272832e+41
XLsph2:3.211749434455475e+40
LXtot:8.212591611836226e+38
b:0.006000468091704484
Lx:1.36865849235828e+41
ratio:5.703188619330713
ratio_beamed:950.4572863599167
theta:0.2192072744911742
theta_deg:12.559651666910034
theta_half_deg:6.279825833455017
dincl:45.0