index:1012
Unnamed: 0:17246
mdot:3.4
m:9.1
idum:-10000
iidd:4333662
Z:0.002
tage:20.0
mdot_gs:2.142938626511522e+20
LEdd:1.092e+39
MEdd:1.456e+19
mdot_ratio:14.71798507219452
XLsph:1.599844274190864e+40
XLsph2:4.336714073398521e+39
LXtot:4.028464680511762e+39
b:0.3369970847201158
Lx:1.19540045394087e+40
ratio:3.6890702202488654
ratio_beamed:10.94689060385412
theta:1.6919467406805029
theta_deg:96.94140740190836
theta_half_deg:48.47070370095418
dincl:40.0