index:1024
Unnamed: 0:17271
mdot:0.33
m:1.3
idum:-200000
iidd:6356483
Z:0.002
tage:20.0
mdot_gs:2.0799110198494183e+19
LEdd:1.56e+38
MEdd:8.666666666666668e+17
mdot_ratio:23.998973305954824
XLsph:6.882099428847877e+39
XLsph2:1.6472190584562063e+39
LXtot:6.51769723880239e+38
b:0.12674695507449454
Lx:5.1422909804591845e+39
ratio:4.178011050514352
ratio_beamed:32.96340372089221
theta:1.0179146435461457
theta_deg:58.32221297975774
theta_half_deg:29.16110648987887
dincl:10.0