index:1032
Unnamed: 0:17148
mdot:4.4
m:8.9
idum:-150000
iidd:7365943
Z:0.002
tage:20.0
mdot_gs:2.773214693132558e+20
LEdd:1.0680000000000001e+39
MEdd:1.4240000000000002e+19
mdot_ratio:19.474822283234253
XLsph:2.947502574373449e+40
XLsph2:7.426081204026456e+39
LXtot:4.2390227940465033e+39
b:0.19247567603017932
Lx:2.2023680505903733e+40
ratio:3.969122466335676
ratio_beamed:20.621423694666415
theta:1.261707186641342
theta_deg:72.29049677587375
theta_half_deg:36.14524838793688
dincl:25.0