index:82
Unnamed: 0:98
mdot:9.4
m:19.4
idum:-180000
iidd:8454367
Z:0.0002
tage:10.0
mdot_gs:5.924595026237738e+20
LEdd:2.328e+39
MEdd:3.104e+19
mdot_ratio:19.08696851236385
XLsph:6.140250642748572e+40
XLsph2:1.5548851823217235e+40
LXtot:9.193285561429306e+39
b:0.2003774963851536
Lx:4.587983045640277e+40
ratio:3.9490058253562315
ratio_beamed:19.70783095206305
theta:1.2882600116047458
theta_deg:73.81186158042641
theta_half_deg:36.90593079021321
dincl:35.0