index:1037
Unnamed: 0:17143
mdot:92.0
m:15.4
idum:-150000
iidd:4752116
Z:0.002
tage:20.0
mdot_gs:5.798539812913531e+21
LEdd:1.848e+39
MEdd:2.464e+19
mdot_ratio:235.3303495500621
XLsph:1.2122672382716126e+43
XLsph2:1.8762870514477283e+42
LXtot:1.1939910018551616e+40
b:0.0032
Lx:3.73122188079738e+42
ratio:6.460990269779012
ratio_beamed:2019.059459305941
theta:0.16004269741595525
theta_deg:9.16977110382352
theta_half_deg:4.5848855519117615
dincl:45.0