index:1039
Unnamed: 0:17200
mdot:2.5
m:8.2
idum:-180000
iidd:1969625
Z:0.002
tage:20.0
mdot_gs:1.5756901665525898e+20
LEdd:9.84e+38
MEdd:1.312e+19
mdot_ratio:12.009833586528885
XLsph:9.069925732794694e+39
XLsph2:2.6020192940811554e+39
LXtot:3.4299541672774475e+39
b:0.5061146175955012
Lx:6.777030435463035e+39
ratio:3.485725779753503
ratio_beamed:6.887226052299832
theta:2.1084876581272862
theta_deg:120.80744396611628
theta_half_deg:60.40372198305814
dincl:20.0