index:1070
Unnamed: 0:3465
mdot:6.4
m:24.9
idum:-20000
iidd:2470391
Z:0.0002
tage:20.0
mdot_gs:4.0337668263746306e+20
LEdd:2.9880000000000004e+39
MEdd:3.984e+19
mdot_ratio:10.124916732868046
XLsph:1.861608705382004e+40
XLsph2:5.615713570066674e+39
LXtot:9.905218174465024e+39
b:0.7120982845911996
Lx:1.390990315353926e+40
ratio:3.3149993890445195
ratio_beamed:4.655255406137638
theta:2.5575225335905
theta_deg:146.53524718434096
theta_half_deg:73.26762359217048
dincl:25.0