index:1071
Unnamed: 0:3419
mdot:13.0
m:19.7
idum:-170000
iidd:5138711
Z:0.0002
tage:20.0
mdot_gs:8.193588866073466e+20
LEdd:2.364e+39
MEdd:3.152e+19
mdot_ratio:25.994888534497036
XLsph:1.2469822619067945e+41
XLsph2:2.9286321524772916e+40
LXtot:1.0065675420021938e+40
b:0.10803063803433854
Lx:9.317426614496593e+40
ratio:4.257899923867148
ratio_beamed:39.41381816622924
theta:0.9382272633744771
theta_deg:53.75646241546667
theta_half_deg:26.878231207733336
dincl:35.0