index:1086
Unnamed: 0:3520
mdot:8.9
m:19.6
idum:-80000
iidd:3173012
Z:0.0002
tage:20.0
mdot_gs:5.60945699292722e+20
LEdd:2.3520000000000002e+39
MEdd:3.136000000000001e+19
mdot_ratio:17.887299084589348
XLsph:5.358678183139522e+40
XLsph2:1.3796479803511682e+40
LXtot:9.135381826555571e+39
b:0.2281567504776681
Lx:4.00399366112542e+40
ratio:3.8840909126511782
ratio_beamed:17.02378257281216
theta:1.3781224208445333
theta_deg:78.96059836674362
theta_half_deg:39.48029918337181
dincl:30.0