index:1089
Unnamed: 0:3516
mdot:3.0
m:8.2
idum:-80000
iidd:519472
Z:0.0002
tage:20.0
mdot_gs:1.890828199863108e+20
LEdd:9.84e+38
MEdd:1.312e+19
mdot_ratio:14.411800303834662
XLsph:1.3743835115471245e+40
XLsph2:3.7469077834768633e+39
LXtot:3.609358579162698e+39
b:0.35146848444132034
Lx:1.0269366213303544e+40
ratio:3.668047336547457
ratio_beamed:10.436347777747503
theta:1.730285361192038
theta_deg:99.13804854957304
theta_half_deg:49.56902427478651
dincl:25.0