index:1095
Unnamed: 0:3421
mdot:25.0
m:8.8
idum:-170000
iidd:5947871
Z:0.0002
tage:20.0
mdot_gs:1.5756901665525898e+21
LEdd:1.0560000000000002e+39
MEdd:1.4080000000000002e+19
mdot_ratio:111.90981296538278
XLsph:1.3863170005548183e+42
XLsph2:2.4246088876665317e+41
LXtot:6.037884130643477e+39
b:0.00582889886772689
Lx:1.035853300539092e+42
ratio:5.7176933055335954
ratio_beamed:980.9216861165644
theta:0.2160475940743848
theta_deg:12.378615314417862
theta_half_deg:6.189307657208931
dincl:45.0