index:1097
Unnamed: 0:3503
mdot:64.0
m:18.5
idum:-60000
iidd:7786428
Z:0.0002
tage:20.0
mdot_gs:4.0337668263746297e+21
LEdd:2.22e+39
MEdd:2.96e+19
mdot_ratio:136.27590629644018
XLsph:4.4705806530192883e+42
XLsph2:7.558446913224873e+41
LXtot:1.3130593048603384e+40
b:0.00393083398495731
Lx:3.340408956178796e+42
ratio:5.914681553424948
ratio_beamed:1504.6887189994575
theta:0.17739023491581446
theta_deg:10.163711787510383
theta_half_deg:5.081855893755192
dincl:20.0