index:83
Unnamed: 0:99
mdot:3.6
m:14.2
idum:-190000
iidd:857017
Z:0.0002
tage:10.0
mdot_gs:2.2689938398357288e+20
LEdd:1.704e+39
MEdd:2.272e+19
mdot_ratio:9.986768661248806
XLsph:1.028586634955771e+40
XLsph2:3.1157385286827327e+39
LXtot:5.625348885439506e+39
b:0.7319356162290532
Lx:7.68557884151261e+39
ratio:3.3012610830044045
ratio_beamed:4.510316221544959
theta:2.5988260153416864
theta_deg:148.90176236787957
theta_half_deg:74.4508811839398
dincl:45.0