index:1102
Unnamed: 0:3435
mdot:3.7
m:8.6
idum:-190000
iidd:285125
Z:0.0002
tage:20.0
mdot_gs:2.3320214464978328e+20
LEdd:1.032e+39
MEdd:1.3760000000000002e+19
mdot_ratio:16.94783027978076
XLsph:2.081440365354128e+40
XLsph2:5.434371756557438e+39
LXtot:3.9527042927335604e+39
b:0.2541526531256184
Lx:1.5552480936643548e+40
ratio:3.830139818540272
ratio_beamed:15.070233465739873
theta:1.4579806413624814
theta_deg:83.53613736184708
theta_half_deg:41.76806868092354
dincl:25.0