index:1135
Unnamed: 0:17051
mdot:11.0
m:12.4
idum:-100000
iidd:4679131
Z:0.002
tage:20.0
mdot_gs:6.933036732831395e+20
LEdd:1.488e+39
MEdd:1.984e+19
mdot_ratio:34.94474159693243
XLsph:1.516976782408757e+41
XLsph2:3.331256185273964e+40
LXtot:6.776006787477358e+39
b:0.05978045185486758
Lx:1.133482029197079e+41
ratio:4.553768002336934
ratio_beamed:76.17486755356714
theta:0.6950438854824887
theta_deg:39.82308121452071
theta_half_deg:19.91154060726036
dincl:30.0