index:1137
Unnamed: 0:17095
mdot:5.6
m:9.0
idum:-120000
iidd:5136072
Z:0.002
tage:20.0
mdot_gs:3.529545973077801e+20
LEdd:1.0800000000000001e+39
MEdd:1.4400000000000002e+19
mdot_ratio:24.510735924151398
XLsph:4.994997442316613e+40
XLsph2:1.1895368275761016e+40
LXtot:4.535040120358795e+39
b:0.12150947885701582
Lx:3.732252136226611e+40
ratio:4.199111222554439
ratio_beamed:34.55789015024639
theta:0.9962057128719328
theta_deg:57.07838287438326
theta_half_deg:28.53919143719163
dincl:15.0