index:1138
Unnamed: 0:17094
mdot:340.0
m:8.5
idum:-120000
iidd:4550919
Z:0.002
tage:20.0
mdot_gs:2.142938626511522e+22
LEdd:1.02e+39
MEdd:1.36e+19
mdot_ratio:1575.6901665525895
XLsph:3.882546986573917e+44
XLsph2:4.642835066814887e+43
LXtot:8.529697629388762e+39
b:0.0032
Lx:2.6655305091839882e+42
ratio:8.362448656263492
ratio_beamed:2613.265205082341
theta:0.16004269741595525
theta_deg:9.16977110382352
theta_half_deg:4.5848855519117615
dincl:15.0