index:1178
Unnamed: 0:17070
mdot:4.5
m:9.0
idum:-110000
iidd:6551655
Z:0.002
tage:20.0
mdot_gs:2.836242299794661e+20
LEdd:1.0800000000000001e+39
MEdd:1.4400000000000002e+19
mdot_ratio:19.696127081907367
XLsph:3.057426222114448e+40
XLsph2:7.68116095612757e+39
LXtot:4.298855783316778e+39
b:0.18817467935585272
Lx:2.2845027811564983e+40
ratio:3.9804220215896087
ratio_beamed:21.152803529226833
theta:1.2470497768457347
theta_deg:71.45068905599173
theta_half_deg:35.725344527995865
dincl:5.0