index:1180
Unnamed: 0:17055
mdot:0.17
m:1.4
idum:-100000
iidd:6717142
Z:0.002
tage:20.0
mdot_gs:1.071469313255761e+19
LEdd:1.68e+38
MEdd:9.333333333333334e+17
mdot_ratio:11.480028356311724
XLsph:1.396599690876915e+39
XLsph2:4.0591643727010165e+38
LXtot:5.780222886396615e+38
b:0.5539071083499602
Lx:1.0435365062592146e+39
ratio:3.4406088609503667
ratio_beamed:6.211526822971514
theta:2.2168026217397405
theta_deg:127.01343423922305
theta_half_deg:63.50671711961152
dincl:25.0