index:1203
Unnamed: 0:17437
mdot:2.2
m:9.9
idum:-80000
iidd:8712043
Z:0.002
tage:20.0
mdot_gs:1.386607346566279e+20
LEdd:1.188e+39
MEdd:1.5840000000000004e+19
mdot_ratio:8.753834258625497
XLsph:5.289859629989031e+39
XLsph2:1.668992997874632e+39
LXtot:3.765356264783458e+39
b:0.9526343142390042
Lx:3.952572575334272e+39
ratio:3.1694918053732812
ratio_beamed:3.3270812923689133
theta:3.0468258244909716
theta_deg:174.5702606548
theta_half_deg:87.2851303274
dincl:30.0