index:1223
Unnamed: 0:17427
mdot:2.8
m:8.4
idum:-80000
iidd:5106065
Z:0.002
tage:20.0
mdot_gs:1.7647729865389005e+20
LEdd:1.008e+39
MEdd:1.3440000000000002e+19
mdot_ratio:13.130751387938245
XLsph:1.1390739925671342e+40
XLsph2:3.186259359578843e+39
LXtot:3.6035565687892966e+39
b:0.42339302855066857
Lx:8.511138176093161e+39
ratio:3.5749569134814454
ratio_beamed:8.443589460409884
theta:1.912453351061976
theta_deg:109.57550553150236
theta_half_deg:54.78775276575119
dincl:35.0