index:1224
Unnamed: 0:17331
mdot:0.38
m:1.3
idum:-40000
iidd:4491511
Z:0.002
tage:20.0
mdot_gs:2.3950490531599364e+19
LEdd:1.56e+38
MEdd:8.666666666666668e+17
mdot_ratio:27.63518138261465
XLsph:9.433718013795113e+39
XLsph2:2.1841912951430325e+39
LXtot:6.7377798520878435e+38
b:0.09558686570368738
Lx:7.048855302960233e+39
ratio:4.319089648774258
ratio_beamed:45.184969890770724
theta:0.8815882242074742
theta_deg:50.51128451552122
theta_half_deg:25.25564225776061
dincl:40.0