index:1226
Unnamed: 0:17329
mdot:4.0
m:6.3
idum:-40000
iidd:3999255
Z:0.002
tage:20.0
mdot_gs:2.521104266484144e+20
LEdd:7.560000000000001e+38
MEdd:1.0080000000000002e+19
mdot_ratio:25.010955024644275
XLsph:3.6581846258655567e+40
XLsph2:8.670093495452636e+39
LXtot:3.1898013309832014e+39
b:0.11669770349427805
Lx:2.7333882634113744e+40
ratio:4.2193139298719595
ratio_beamed:36.15592941020336
theta:0.9758722296791172
theta_deg:55.91336010463473
theta_half_deg:27.956680052317363
dincl:10.0