index:109
Unnamed: 0:86
mdot:13.0
m:14.8
idum:-170000
iidd:7710269
Z:0.0002
tage:10.0
mdot_gs:8.193588866073466e+20
LEdd:1.776e+39
MEdd:2.368e+19
mdot_ratio:34.60130433308051
XLsph:1.771321026161704e+41
XLsph2:3.8982468516082846e+40
LXtot:8.069951088821657e+39
b:0.0609730499498609
Lx:1.3235275413412491e+41
ratio:4.543891378841024
ratio_beamed:74.52294714759284
theta:0.7020139329843533
theta_deg:40.22243551938325
theta_half_deg:20.11121775969163
dincl:45.0