index:1235
Unnamed: 0:17450
mdot:1200.0
m:8.2
idum:-90000
iidd:5714773
Z:0.002
tage:20.0
mdot_gs:7.56331279945243e+22
LEdd:9.84e+38
MEdd:1.312e+19
mdot_ratio:5764.720121533866
XLsph:5.790928041832933e+45
XLsph2:5.995052453562984e+44
LXtot:9.504959693516953e+39
b:0.0032
Lx:2.970299904224048e+42
ratio:9.659511883655439
ratio_beamed:3018.597463642325
theta:0.16004269741595525
theta_deg:9.16977110382352
theta_half_deg:4.5848855519117615
dincl:15.0