index:1253
Unnamed: 0:17287
mdot:0.41
m:1.3
idum:-20000
iidd:3792646
Z:0.002
tage:20.0
mdot_gs:2.584131873146247e+19
LEdd:1.56e+38
MEdd:8.666666666666668e+17
mdot_ratio:29.816906228610538
XLsph:1.1175257465368213e+40
XLsph2:2.5426769855508576e+39
LXtot:6.856317866973403e+38
b:0.08211031176450004
Lx:8.350130111109497e+39
ratio:4.3950755557521815
ratio_beamed:53.526475071214726
theta:0.8161336599442375
theta_deg:46.76101423336994
theta_half_deg:23.38050711668497
dincl:40.0