index:1255
Unnamed: 0:17285
mdot:5.5
m:8.9
idum:-20000
iidd:2439021
Z:0.002
tage:20.0
mdot_gs:3.4665183664156973e+20
LEdd:1.0680000000000001e+39
MEdd:1.4240000000000002e+19
mdot_ratio:24.343527854042808
XLsph:4.864391855616978e+40
XLsph2:1.1603251881291336e+40
LXtot:4.4773401068500793e+39
b:0.1231844326593148
Lx:3.634663902079933e+40
ratio:4.192266017649886
ratio_beamed:34.03243354007428
theta:1.0031949699670273
theta_deg:57.47883780786404
theta_half_deg:28.73941890393202
dincl:5.0