index:1261
Unnamed: 0:17280
mdot:41.0
m:16.1
idum:-20000
iidd:898097
Z:0.002
tage:20.0
mdot_gs:2.584131873146247e+21
LEdd:1.9320000000000006e+39
MEdd:2.5760000000000004e+19
mdot_ratio:100.31567830536673
XLsph:1.9990291418303888e+42
XLsph2:3.564397948171275e+41
LXtot:1.0835278097940178e+40
b:0.007254128292062846
Lx:1.4936705916540888e+42
ratio:5.608321996863445
ratio_beamed:773.1214242515988
theta:0.24104631411728936
theta_deg:13.810936466105394
theta_half_deg:6.905468233052697
dincl:35.0