index:1263
Unnamed: 0:17314
mdot:0.23
m:1.3
idum:-30000
iidd:5507140
Z:0.002
tage:20.0
mdot_gs:1.4496349532283826e+19
LEdd:1.56e+38
MEdd:8.666666666666668e+17
mdot_ratio:16.726557152635184
XLsph:3.054225153780356e+39
XLsph2:8.001642625558617e+38
LXtot:5.954516419764155e+38
b:0.2609214254747156
Lx:2.282110949275484e+39
ratio:3.8169977049770223
ratio_beamed:14.628916341509507
theta:1.4781897395233168
theta_deg:84.69403339422854
theta_half_deg:42.347016697114285
dincl:35.0