index:1268
Unnamed: 0:32189
mdot:1.9
m:7.6
idum:-140000
iidd:6324205
Z:0.02
tage:20.0
mdot_gs:1.197524526579968e+20
LEdd:9.12e+38
MEdd:1.216e+19
mdot_ratio:9.848063540953683
XLsph:5.330573956206367e+39
XLsph2:1.6215784240713762e+39
LXtot:2.997994655019054e+39
b:0.7526987174234107
Lx:3.982994238759426e+39
ratio:3.2872748410296646
ratio_beamed:4.367318244253757
theta:2.6418045928460274
theta_deg:151.36425346835418
theta_half_deg:75.68212673417709
dincl:45.0