index:1277
Unnamed: 0:17336
mdot:3.7
m:9.4
idum:-40000
iidd:5112868
Z:0.002
tage:20.0
mdot_gs:2.3320214464978328e+20
LEdd:1.1280000000000002e+39
MEdd:1.5040000000000004e+19
mdot_ratio:15.505461745331333
XLsph:1.86007295266342e+40
XLsph2:4.971872032595103e+39
LXtot:4.220064951086819e+39
b:0.30363613345294266
Lx:1.3898428039826302e+40
ratio:3.741192332523776
ratio_beamed:12.321301453746717
theta:1.6009556293897331
theta_deg:91.72800075174207
theta_half_deg:45.864000375871036
dincl:45.0