index:1279
Unnamed: 0:17351
mdot:3.0
m:8.4
idum:-50000
iidd:1605200
Z:0.002
tage:20.0
mdot_gs:1.890828199863108e+20
LEdd:1.008e+39
MEdd:1.3440000000000002e+19
mdot_ratio:14.068662201362406
XLsph:1.332845943542319e+40
XLsph2:3.657695693394081e+39
LXtot:3.673101383248144e+39
b:0.3688223715374713
Lx:9.958998332819321e+39
ratio:3.6439497849683966
ratio_beamed:9.879958663511227
theta:1.7754515626160234
theta_deg:101.72588126780515
theta_half_deg:50.862940633902575
dincl:25.0