index:1295
Unnamed: 0:8209
mdot:0.96
m:1.1
idum:-20000
iidd:2651280
Z:0.0002
tage:50.0
mdot_gs:6.050650239561944e+19
LEdd:1.3200000000000002e+38
MEdd:7.333333333333335e+17
mdot_ratio:82.50886690311741
XLsph:8.917581318877304e+40
XLsph2:1.6474665744679954e+40
LXtot:7.145035610036117e+38
b:0.0107231310630413
Lx:6.663198992934473e+40
ratio:5.4129057651788735
ratio_beamed:504.7878024950358
theta:0.2931532064910884
theta_deg:16.796441482666495
theta_half_deg:8.398220741333247
dincl:20.0