index:1341
Unnamed: 0:8186
mdot:0.78
m:1.1
idum:-190000
iidd:281879
Z:0.0002
tage:50.0
mdot_gs:4.91615331964408e+19
LEdd:1.3200000000000002e+38
MEdd:7.333333333333335e+17
mdot_ratio:67.03845435878289
XLsph:5.661171510119425e+40
XLsph2:1.0875853558011372e+40
LXtot:6.870951648528833e+38
b:0.01624332279371937
Lx:4.2300160723183745e+40
ratio:5.20526640040063
ratio_beamed:320.45576305442216
theta:0.3609707858173182
theta_deg:20.682102554853124
theta_half_deg:10.341051277426562
dincl:25.0