index:112
Unnamed: 0:89
mdot:6.8
m:24.2
idum:-180000
iidd:2786264
Z:0.0002
tage:10.0
mdot_gs:4.285877253023044e+20
LEdd:2.904e+39
MEdd:3.872e+19
mdot_ratio:11.068897864212408
XLsph:2.220517065826836e+40
XLsph2:6.522991416186206e+39
LXtot:9.885620182114703e+39
b:0.5958186592666604
Lx:1.65916592714334e+40
ratio:3.404139181168975
ratio_beamed:5.713381291815907
theta:2.309425394099095
theta_deg:132.320328182215
theta_half_deg:66.1601640911075
dincl:5.0