index:1343
Unnamed: 0:8183
mdot:9.5
m:16.0
idum:-180000
iidd:6440332
Z:0.0002
tage:50.0
mdot_gs:5.98762263289984e+20
LEdd:1.92e+39
MEdd:2.56e+19
mdot_ratio:23.389150909765004
XLsph:7.995716726032613e+40
XLsph2:1.925624378584759e+40
LXtot:7.972362774751239e+39
b:0.13344243189777916
Lx:5.974383606001953e+40
ratio:4.15227227851627
ratio_beamed:31.11658128126017
theta:1.0450669278372862
theta_deg:59.877924273779456
theta_half_deg:29.938962136889728
dincl:20.0