index:1386
Unnamed: 0:35033
mdot:1.1
m:1.3
idum:-50000
iidd:2002633
Z:0.02
tage:50.0
mdot_gs:6.933036732831395e+19
LEdd:1.56e+38
MEdd:8.666666666666668e+17
mdot_ratio:79.99657768651609
XLsph:9.850340419996141e+40
XLsph2:1.8302433982846744e+40
LXtot:8.39589481355085e+38
b:0.011407225956704507
Lx:7.360154734741822e+40
ratio:5.381983854840288
ratio_beamed:471.80479068857835
theta:0.30237697847039696
theta_deg:17.324924688271903
theta_half_deg:8.662462344135951
dincl:15.0