index:1415
Unnamed: 0:8153
mdot:96.0
m:13.2
idum:-140000
iidd:3963491
Z:0.0002
tage:50.0
mdot_gs:6.050650239561944e+21
LEdd:1.5840000000000002e+39
MEdd:2.112e+19
mdot_ratio:286.48912119137987
XLsph:1.5868546212453727e+43
XLsph2:2.3834875209317066e+42
LXtot:1.0545797693415705e+40
b:0.0032
Lx:3.2955617791924074e+42
ratio:6.657700564025066
ratio_beamed:2080.531426257833
theta:0.16004269741595525
theta_deg:9.16977110382352
theta_half_deg:4.5848855519117615
dincl:30.0