index:1432
Unnamed: 0:8193
mdot:36.0
m:7.8
idum:-190000
iidd:5747355
Z:0.0002
tage:50.0
mdot_gs:2.2689938398357288e+21
LEdd:9.36e+38
MEdd:1.2480000000000002e+19
mdot_ratio:181.8104038329911
XLsph:3.5184714841555947e+42
XLsph2:5.672241936832667e+41
LXtot:5.805974684867872e+39
b:0.0032
Lx:1.8143670890212095e+42
ratio:6.202964406910119
ratio_beamed:1938.426377159412
theta:0.16004269741595525
theta_deg:9.16977110382352
theta_half_deg:4.5848855519117615
dincl:40.0