index:1447
Unnamed: 0:8137
mdot:22.0
m:23.2
idum:-130000
iidd:599090
Z:0.0002
tage:50.0
mdot_gs:1.386607346566279e+21
LEdd:2.784e+39
MEdd:3.712e+19
mdot_ratio:37.354723776031214
XLsph:3.2906893118249084e+41
XLsph2:7.121995982309855e+40
LXtot:1.2863358905110327e+40
b:0.052315671186205635
Lx:2.458796497004913e+41
ratio:4.620459376835607
ratio_beamed:88.31883969126842
theta:0.6497894975053381
theta_deg:37.2301957789824
theta_half_deg:18.6150978894912
dincl:25.0