index:1471
Unnamed: 0:25972
mdot:0.36
m:1.3
idum:-70000
iidd:7496672
Z:0.002
tage:50.0
mdot_gs:2.268993839835729e+19
LEdd:1.56e+38
MEdd:8.666666666666668e+17
mdot_ratio:26.18069815195072
XLsph:8.360837824257774e+39
XLsph2:1.9603268133693694e+39
LXtot:6.653434986906212e+38
b:0.10650264975009613
Lx:6.247201363081775e+39
ratio:4.265022427503983
ratio_beamed:40.04616258385753
theta:0.931444984949946
theta_deg:53.3678664862584
theta_half_deg:26.6839332431292
dincl:5.0