index:114
Unnamed: 0:163
mdot:24.0
m:26.6
idum:-30000
iidd:6430865
Z:0.0002
tage:10.0
mdot_gs:1.512662559890486e+21
LEdd:3.192e+39
MEdd:4.256e+19
mdot_ratio:35.54188345607345
XLsph:3.378850949603378e+41
XLsph2:7.392395506649089e+40
LXtot:1.4589712118937833e+40
b:0.057788574707043024
Lx:2.5246706970884507e+41
ratio:4.570711816709848
ratio_beamed:79.09369351780863
theta:0.6832504729207981
theta_deg:39.14736844867927
theta_half_deg:19.57368422433964
dincl:20.0