index:1485
Unnamed: 0:25981
mdot:0.59
m:1.3
idum:-80000
iidd:332560
Z:0.002
tage:50.0
mdot_gs:3.718628793064111e+19
LEdd:1.56e+38
MEdd:8.666666666666668e+17
mdot_ratio:42.9072553045859
XLsph:2.505803100183683e+40
XLsph2:5.265353115230535e+39
LXtot:7.424103855407604e+38
b:0.039651661613365294
Lx:1.8723310835743586e+40
ratio:4.759040932953592
ratio_beamed:120.0212233060486
theta:0.5650947572824995
theta_deg:32.37754461725686
theta_half_deg:16.18877230862843
dincl:45.0