index:1499
Unnamed: 0:25828
mdot:0.57
m:1.1
idum:-20000
iidd:1678261
Z:0.002
tage:50.0
mdot_gs:3.592573579739905e+19
LEdd:1.3200000000000002e+38
MEdd:7.333333333333335e+17
mdot_ratio:48.98963972372596
XLsph:2.8410284221840507e+40
XLsph2:5.807963216630336e+39
LXtot:6.456923670840177e+38
b:0.030416859303474486
Lx:2.122810776227186e+40
ratio:4.8916088415455885
ratio_beamed:160.81899819902918
theta:0.4945488444372625
theta_deg:28.33556154932704
theta_half_deg:14.16778077466352
dincl:30.0