index:1501
Unnamed: 0:25826
mdot:52.0
m:9.1
idum:-20000
iidd:1464466
Z:0.002
tage:50.0
mdot_gs:3.2774355464293864e+21
LEdd:1.092e+39
MEdd:1.456e+19
mdot_ratio:225.0985952217985
XLsph:6.508942686636037e+42
XLsph2:1.0144009389679584e+42
LXtot:7.00686004987133e+39
b:0.0032
Lx:2.189643765584791e+42
ratio:6.416538507208178
ratio_beamed:2005.168283502556
theta:0.16004269741595525
theta_deg:9.16977110382352
theta_half_deg:4.5848855519117615
dincl:30.0