index:1537
Unnamed: 0:25958
mdot:0.7
m:1.3
idum:-70000
iidd:1496451
Z:0.002
tage:50.0
mdot_gs:4.411932466347251e+19
LEdd:1.56e+38
MEdd:8.666666666666668e+17
mdot_ratio:50.906913073237504
XLsph:3.6539816853387103e+40
XLsph2:7.411729464128019e+39
LXtot:7.690798020511684e+38
b:0.028168864097168275
Lx:2.730247834624192e+40
ratio:4.929998731097231
ratio_beamed:175.0158868348841
theta:0.4758328620001125
theta_deg:27.263214746237374
theta_half_deg:13.631607373118687
dincl:20.0