index:1540
Unnamed: 0:25955
mdot:0.22
m:1.3
idum:-70000
iidd:319378
Z:0.002
tage:50.0
mdot_gs:1.386607346566279e+19
LEdd:1.56e+38
MEdd:8.666666666666668e+17
mdot_ratio:15.999315537303216
XLsph:2.761870922325824e+39
XLsph2:7.320973593138696e+38
LXtot:5.885171670153655e+38
b:0.2851806489176127
Lx:2.063664450056656e+39
ratio:3.772545942406188
ratio_beamed:13.228618269593944
theta:1.548861158449928
theta_deg:88.74320743092434
theta_half_deg:44.37160371546217
dincl:45.0