index:1576
Unnamed: 0:26002
mdot:1.7
m:1.3
idum:-80000
iidd:6196186
Z:0.002
tage:50.0
mdot_gs:1.071469313255761e+20
LEdd:1.56e+38
MEdd:8.666666666666668e+17
mdot_ratio:123.63107460643394
XLsph:2.542979893317504e+41
XLsph2:4.371407785985708e+40
LXtot:9.07499100471309e+38
b:0.0047760357811807794
Lx:1.900109509328148e+41
ratio:5.817301926098135
ratio_beamed:1218.018916235992
theta:0.19554728090237994
theta_deg:11.204033890965539
theta_half_deg:5.602016945482768
dincl:35.0