index:1577
Unnamed: 0:26003
mdot:0.2
m:1.3
idum:-80000
iidd:7355819
Z:0.002
tage:50.0
mdot_gs:1.260552133242072e+19
LEdd:1.56e+38
MEdd:8.666666666666668e+17
mdot_ratio:14.54483230663929
XLsph:2.224871563120122e+39
XLsph2:6.050391399288178e+38
LXtot:5.736487789658907e+38
b:0.34506858519031136
Lx:1.662419598844425e+39
ratio:3.677235762601864
ratio_beamed:10.656535890028364
theta:1.7134089369134509
theta_deg:98.17110066513789
theta_half_deg:49.08555033256894
dincl:35.0