index:1600
Unnamed: 0:26005
mdot:15.0
m:14.5
idum:-80000
iidd:7960541
Z:0.002
tage:50.0
mdot_gs:9.454140999315539e+20
LEdd:1.74e+39
MEdd:2.32e+19
mdot_ratio:40.75060775567042
XLsph:2.493713141820333e+41
XLsph2:5.297352383536256e+40
LXtot:8.190999111655911e+39
b:0.0439596959272978
Lx:1.863297490774844e+41
ratio:4.707470753825237
ratio_beamed:107.0860626882094
theta:0.5952182893415917
theta_deg:34.103495868269874
theta_half_deg:17.051747934134937
dincl:45.0