index:133
Unnamed: 0:130
mdot:12.0
m:23.9
idum:-200000
iidd:71220
Z:0.0002
tage:10.0
mdot_gs:7.56331279945243e+20
LEdd:2.868e+39
MEdd:3.824e+19
mdot_ratio:19.77853765547184
XLsph:8.195838372150627e+40
XLsph2:2.056879921306128e+40
LXtot:1.1427825323124261e+40
b:0.18660982394940376
Lx:6.123914101233345e+40
ratio:3.98459739300009
ratio_beamed:21.352559627731328
theta:1.2416797386990053
theta_deg:71.14300853435988
theta_half_deg:35.57150426717994
dincl:5.0