index:1613
Unnamed: 0:25940
mdot:0.17
m:1.3
idum:-60000
iidd:2395649
Z:0.002
tage:50.0
mdot_gs:1.071469313255761e+19
LEdd:1.56e+38
MEdd:8.666666666666668e+17
mdot_ratio:12.363107460643395
XLsph:1.536426052976625e+39
XLsph2:4.371407785985709e+38
LXtot:5.482958259642379e+38
b:0.477603578118078
Lx:1.1480144854121733e+39
ratio:3.5147168331040888
ratio_beamed:7.359067214180597
theta:2.0422748079297532
theta_deg:117.0137271002657
theta_half_deg:58.50686355013283
dincl:25.0