index:1641
Unnamed: 0:25861
mdot:3.7
m:7.1
idum:-30000
iidd:3395242
Z:0.002
tage:50.0
mdot_gs:2.3320214464978328e+20
LEdd:8.52e+38
MEdd:1.136e+19
mdot_ratio:20.528357803678105
XLsph:2.6473459535658924e+40
XLsph2:6.582478465689289e+39
LXtot:3.4265797665650994e+39
b:0.17322654467364007
Lx:1.9780916215934444e+40
ratio:4.021807237752464
ratio_beamed:23.217037812129632
theta:1.1948975573421523
theta_deg:68.4625869861966
theta_half_deg:34.2312934930983
dincl:20.0