index:1662
Unnamed: 0:25542
mdot:3.3
m:7.7
idum:-100000
iidd:195784
Z:0.002
tage:50.0
mdot_gs:2.0799110198494183e+20
LEdd:9.24e+38
MEdd:1.232e+19
mdot_ratio:16.882394641634892
XLsph:1.8473843795248171e+40
XLsph2:4.828158315280187e+39
LXtot:3.535474719788413e+39
b:0.2561266469010217
Lx:1.380361927415804e+40
ratio:3.826271341762352
ratio_beamed:14.938981898439437
theta:1.4638977182204764
theta_deg:83.87516089286473
theta_half_deg:41.937580446432364
dincl:25.0