index:1722
Unnamed: 0:34956
mdot:0.12
m:1.3
idum:-120000
iidd:5056177
Z:0.02
tage:50.0
mdot_gs:7.56331279945243e+18
LEdd:1.56e+38
MEdd:8.666666666666668e+17
mdot_ratio:8.726899383983573
XLsph:6.896887441427322e+38
XLsph2:2.1781409037437442e+38
LXtot:4.9395998165839614e+38
b:0.958523847750865
Lx:5.1533405539930174e+38
ratio:3.166410138835873
ratio_beamed:3.3034234320468063
theta:3.0586165472512454
theta_deg:175.24581930637245
theta_half_deg:87.62290965318623
dincl:25.0