index:1730
Unnamed: 0:34952
mdot:1.4
m:1.3
idum:-120000
iidd:2877448
Z:0.02
tage:50.0
mdot_gs:8.823864932694503e+19
LEdd:1.56e+38
MEdd:8.666666666666668e+17
mdot_ratio:101.81382614647501
XLsph:1.66708944938082e+41
XLsph2:2.9646917856512074e+40
LXtot:8.772107622185198e+38
b:0.007042216024292069
Lx:1.2456459148549094e+41
ratio:5.6231459116571765
ratio_beamed:798.4909710608392
theta:0.2374952134118625
theta_deg:13.607473383058505
theta_half_deg:6.803736691529252
dincl:20.0