index:1736
Unnamed: 0:25613
mdot:0.27
m:1.3
idum:-120000
iidd:7959925
Z:0.002
tage:50.0
mdot_gs:1.701745379876797e+19
LEdd:1.56e+38
MEdd:8.666666666666668e+17
mdot_ratio:19.635523613963038
XLsph:4.385748905946497e+39
XLsph2:1.1026838325202706e+39
LXtot:6.204650953881435e+38
b:0.18933804400017085
Lx:3.277022843795638e+39
ratio:3.9773403550522017
ratio_beamed:21.00655669099768
theta:1.2510290807379534
theta_deg:71.67868637441583
theta_half_deg:35.83934318720792
dincl:5.0