index:138
Unnamed: 0:156
mdot:4.8
m:14.7
idum:-30000
iidd:2815483
Z:0.0002
tage:10.0
mdot_gs:3.025325119780972e+20
LEdd:1.7640000000000002e+39
MEdd:2.352e+19
mdot_ratio:12.862776869817056
XLsph:1.901814554113196e+40
XLsph2:5.350686271479341e+39
LXtot:6.269851572755643e+39
b:0.44121816907558814
Lx:1.4210320454145922e+40
ratio:3.5543376262787096
ratio_beamed:8.055737218903584
theta:1.9557602826618383
theta_deg:112.05680993583627
theta_half_deg:56.028404967918135
dincl:10.0