index:1759
Unnamed: 0:25722
mdot:29.0
m:8.9
idum:-170000
iidd:6480067
Z:0.002
tage:50.0
mdot_gs:1.8278005932010043e+21
LEdd:1.0680000000000001e+39
MEdd:1.4240000000000002e+19
mdot_ratio:128.35678323040756
XLsph:1.8887019175254328e+42
XLsph2:3.225895812286285e+41
LXtot:6.252941090764994e+39
b:0.004430831257959897
Lx:1.4112343094835114e+42
ratio:5.854813755397935
ratio_beamed:1321.380439591303
theta:0.18834239403485656
theta_deg:10.791224281587212
theta_half_deg:5.395612140793606
dincl:20.0