index:1772
Unnamed: 0:25735
mdot:0.47
m:1.3
idum:-180000
iidd:3450220
Z:0.002
tage:50.0
mdot_gs:2.9622975131188683e+19
LEdd:1.56e+38
MEdd:8.666666666666668e+17
mdot_ratio:34.180355920602324
XLsph:1.5141735622517394e+40
XLsph2:3.341328650256897e+39
LXtot:7.069375701582375e+38
b:0.06248412588326145
Lx:1.13138746868125e+40
ratio:4.531651090757931
ratio_beamed:72.52483773597757
theta:0.7107511633565367
theta_deg:40.72304194434288
theta_half_deg:20.36152097217144
dincl:5.0