index:1775
Unnamed: 0:25736
mdot:40.0
m:9.0
idum:-180000
iidd:3541169
Z:0.002
tage:50.0
mdot_gs:2.521104266484144e+21
LEdd:1.0800000000000001e+39
MEdd:1.4400000000000002e+19
mdot_ratio:175.07668517250997
XLsph:3.7417148429300724e+42
XLsph2:6.069065446816844e+41
LXtot:6.658442005241453e+39
b:0.0032
Lx:2.0807631266379542e+42
ratio:6.165224078927273
ratio_beamed:1926.6325246647727
theta:0.16004269741595525
theta_deg:9.16977110382352
theta_half_deg:4.5848855519117615
dincl:30.0