index:1819
Unnamed: 0:25717
mdot:0.18
m:1.3
idum:-170000
iidd:6003612
Z:0.002
tage:50.0
mdot_gs:1.1344969199178646e+19
LEdd:1.56e+38
MEdd:8.666666666666668e+17
mdot_ratio:13.09034907597536
XLsph:1.7505107051486836e+39
XLsph2:4.9008170334234235e+38
LXtot:5.572125385232697e+38
b:0.4260105990003845
Lx:1.3079781109454671e+39
ratio:3.571875246944037
ratio_beamed:8.384475070163251
theta:1.9188537256296605
theta_deg:109.94221998153358
theta_half_deg:54.97110999076679
dincl:10.0