index:1858
Unnamed: 0:25904
mdot:1200.0
m:1.3
idum:-50000
iidd:46937
Z:0.002
tage:50.0
mdot_gs:7.56331279945243e+22
LEdd:1.56e+38
MEdd:8.666666666666668e+17
mdot_ratio:87268.99383983572
XLsph:2.6958306543031012e+47
XLsph2:2.1781409037437442e+46
LXtot:1.930773079686681e+39
b:0.0032
Lx:6.0336658740208764e+41
ratio:12.376750510812053
ratio_beamed:3867.734534628767
theta:0.16004269741595525
theta_deg:9.16977110382352
theta_half_deg:4.5848855519117615
dincl:20.0