index:1862
Unnamed: 0:25894
mdot:0.15
m:1.3
idum:-40000
iidd:5035301
Z:0.002
tage:50.0
mdot_gs:9.454140999315538e+18
LEdd:1.56e+38
MEdd:8.666666666666668e+17
mdot_ratio:10.908624229979468
XLsph:1.1535821153049133e+39
XLsph2:3.4033451620995995e+38
LXtot:5.2877037566341305e+38
b:0.6134552625605536
Lx:8.619542580111432e+38
ratio:3.3895536901500827
ratio_beamed:5.525347807763739
theta:2.3478283248295195
theta_deg:134.52065403400158
theta_half_deg:67.26032701700079
dincl:25.0