index:1868
Unnamed: 0:25840
mdot:2.5
m:1.3
idum:-20000
iidd:6092493
Z:0.002
tage:50.0
mdot_gs:1.5756901665525898e+20
LEdd:1.56e+38
MEdd:8.666666666666668e+17
mdot_ratio:181.8104038329911
XLsph:5.8641191402593255e+41
XLsph2:9.453736561387778e+40
LXtot:9.676624474779784e+38
b:0.0032
Lx:3.023945148368683e+41
ratio:6.202964406910119
ratio_beamed:1938.426377159412
theta:0.16004269741595525
theta_deg:9.16977110382352
theta_half_deg:4.5848855519117615
dincl:10.0