index:139
Unnamed: 0:157
mdot:3.9
m:13.5
idum:-30000
iidd:2908661
Z:0.0002
tage:10.0
mdot_gs:2.45807665982204e+20
LEdd:1.6200000000000005e+39
MEdd:2.1600000000000004e+19
mdot_ratio:11.379984536213145
XLsph:1.3199845824503846e+40
XLsph2:3.846270226920175e+39
LXtot:5.559606833142051e+39
b:0.563688943336689
Lx:9.862898499006608e+39
ratio:3.431856069840772
ratio_beamed:6.08820895000408
theta:2.2386030076371037
theta_deg:128.2625043428984
theta_half_deg:64.1312521714492
dincl:25.0