index:1911
Unnamed: 0:25851
mdot:0.19
m:1.3
idum:-30000
iidd:1742921
Z:0.002
tage:50.0
mdot_gs:1.1975245265799682e+19
LEdd:1.56e+38
MEdd:8.666666666666668e+17
mdot_ratio:13.817590691307325
XLsph:1.9799379939407858e+39
XLsph2:5.460478237857581e+38
LXtot:5.6564702504143275e+38
b:0.3823474628147495
Lx:1.4794057239906243e+39
ratio:3.625942468214313
ratio_beamed:9.483370025580923
theta:1.8100840313989115
theta_deg:103.71017556318321
theta_half_deg:51.85508778159161
dincl:25.0