index:1979
Unnamed: 0:25627
mdot:0.19
m:1.1
idum:-130000
iidd:3719180
Z:0.002
tage:50.0
mdot_gs:1.1975245265799682e+19
LEdd:1.3200000000000002e+38
MEdd:7.333333333333335e+17
mdot_ratio:16.329879907908655
XLsph:2.447731606657562e+39
XLsph2:6.4532924629225965e+38
LXtot:5.006755449798273e+38
b:0.2737517337312703
Lx:1.8289401793207192e+39
ratio:3.7929965528774785
ratio_beamed:13.855607419096355
theta:1.5158956632427367
theta_deg:86.85442368599354
theta_half_deg:43.42721184299677
dincl:35.0