index:1988
Unnamed: 0:25650
mdot:0.24
m:1.3
idum:-140000
iidd:5189811
Z:0.002
tage:50.0
mdot_gs:1.512662559890486e+19
LEdd:1.56e+38
MEdd:8.666666666666668e+17
mdot_ratio:17.453798767967147
XLsph:3.362663867087836e+39
XLsph2:8.712563614974978e+38
LXtot:6.020909418257477e+38
b:0.23963096193771624
Lx:2.5125757412860543e+39
ratio:3.859557319395818
ratio_beamed:16.10625475183368
theta:1.413830410089241
theta_deg:81.00651544536392
theta_half_deg:40.50325772268196
dincl:30.0