index:1994
Unnamed: 0:25628
mdot:0.32
m:1.3
idum:-130000
iidd:4474965
Z:0.002
tage:50.0
mdot_gs:2.016883413187315e+19
LEdd:1.56e+38
MEdd:8.666666666666668e+17
mdot_ratio:23.271731690622858
XLsph:6.423659916089303e+39
XLsph2:1.5489001982177737e+39
LXtot:6.469693451282255e+38
b:0.1347924160899654
Lx:4.799745889979555e+39
ratio:4.147239391847599
ratio_beamed:30.767601858843303
theta:1.0504642114392084
theta_deg:60.18716584500478
theta_half_deg:30.09358292250239
dincl:35.0