index:2009
Unnamed: 0:25644
mdot:0.13
m:1.3
idum:-140000
iidd:3120780
Z:0.002
tage:50.0
mdot_gs:8.193588866073467e+18
LEdd:1.56e+38
MEdd:8.666666666666668e+17
mdot_ratio:9.454140999315538
XLsph:8.298876135852153e+38
XLsph2:2.556290366199256e+38
LXtot:5.064466440554679e+38
b:0.8167303791486661
Lx:6.200903712965495e+38
ratio:3.2464528465094094
ratio_beamed:3.974938277541983
theta:2.7729698926860897
theta_deg:158.87947156775775
theta_half_deg:79.43973578387887
dincl:45.0