index:2033
Unnamed: 0:25619
mdot:0.26
m:1.3
idum:-130000
iidd:1634043
Z:0.002
tage:50.0
mdot_gs:1.6387177732146934e+19
LEdd:1.56e+38
MEdd:8.666666666666668e+17
mdot_ratio:18.908281998631075
XLsph:4.028304638350287e+39
XLsph2:1.0225161464797024e+39
LXtot:6.145776042228193e+38
b:0.20418259478716647
Lx:3.009941199265469e+39
ratio:3.9396000270693534
ratio_beamed:19.29449486708634
theta:1.3008801131735963
theta_deg:74.53494013734796
theta_half_deg:37.267470068673994
dincl:20.0