index:143
Unnamed: 0:152
mdot:5.9
m:15.6
idum:-20000
iidd:7595373
Z:0.0002
tage:10.0
mdot_gs:3.718628793064112e+20
LEdd:1.872e+39
MEdd:2.4960000000000004e+19
mdot_ratio:14.898352536314551
XLsph:2.8195010968293994e+40
XLsph2:7.617698372729367e+39
LXtot:6.928741195844339e+39
b:0.32888674208589697
Lx:2.1067256016159886e+40
ratio:3.7012506388057367
ratio_beamed:11.253876077008488
theta:1.6701738095628031
theta_deg:95.69391034123512
theta_half_deg:47.84695517061756
dincl:15.0