index:2199
Unnamed: 0:11313
mdot:0.35
m:1.3
idum:-190000
iidd:2037633
Z:0.002
tage:100.0
mdot_gs:2.2059662331736257e+19
LEdd:1.56e+38
MEdd:8.666666666666668e+17
mdot_ratio:25.453456536618763
XLsph:7.850599368063423e+39
XLsph2:1.8529323660320047e+39
LXtot:6.609488418838168e+38
b:0.1126754563886731
Lx:5.865952205277776e+39
ratio:4.236851550537287
ratio_beamed:37.602257726139584
theta:0.9585714074672343
theta_deg:54.92209600978767
theta_half_deg:27.461048004893836
dincl:20.0