index:2275
Unnamed: 0:11452
mdot:2.3
m:8.0
idum:-20000
iidd:7590308
Z:0.002
tage:100.0
mdot_gs:1.4496349532283824e+20
LEdd:9.6e+38
MEdd:1.28e+19
mdot_ratio:11.325273072096733
XLsph:7.736219767162354e+39
XLsph2:2.2574078587730478e+39
LXtot:3.2899553120686304e+39
b:0.5691483685621253
Lx:5.780487995389054e+39
ratio:3.427036783404823
ratio_beamed:6.021341661863597
theta:2.2507200910741507
theta_deg:128.95676208384913
theta_half_deg:64.47838104192456
dincl:15.0