index:2577
Unnamed: 0:242
mdot:3.6
m:14.8
idum:-110000
iidd:5068320
Z:0.0002
tage:100.0
mdot_gs:2.2689938398357288e+20
LEdd:1.776e+39
MEdd:2.368e+19
mdot_ratio:9.581899661468448
XLsph:9.745153776080104e+39
XLsph2:2.989424804546945e+39
LXtot:5.789539539510593e+39
b:0.7950960988832171
Lx:7.281559483995098e+39
ratio:3.2598758668415497
ratio_beamed:4.099977186934177
theta:2.728861605289464
theta_deg:156.35225285838098
theta_half_deg:78.17612642919049
dincl:20.0