index:2587
Unnamed: 0:234
mdot:3.8
m:11.5
idum:-100000
iidd:3349936
Z:0.0002
tage:100.0
mdot_gs:2.395049053159936e+20
LEdd:1.38e+39
MEdd:1.84e+19
mdot_ratio:13.01657094108661
XLsph:1.5286998590168828e+40
XLsph2:4.2866073123278106e+39
LXtot:4.921388062247513e+39
b:0.4308535551387035
Lx:1.1422414886801117e+40
ratio:3.5662232335126904
ratio_beamed:8.277112236812401
theta:1.9306578699777224
theta_deg:110.61854763344073
theta_half_deg:55.30927381672036
dincl:5.0