index:2899
Unnamed: 0:11047
mdot:1.2
m:1.3
idum:-100000
iidd:8304938
Z:0.002
tage:100.0
mdot_gs:7.56331279945243e+19
LEdd:1.56e+38
MEdd:8.666666666666668e+17
mdot_ratio:87.26899383983574
XLsph:1.1912242216828249e+41
XLsph2:2.1781409037437437e+40
LXtot:8.531632561654674e+38
b:0.00958523847750865
Lx:8.900803648937669e+40
ratio:5.4689952318299175
ratio_beamed:570.5643364703633
theta:0.277136652768213
theta_deg:15.878760552001188
theta_half_deg:7.939380276000594
dincl:45.0