index:2937
Unnamed: 0:11176
mdot:0.72
m:1.3
idum:-140000
iidd:8202316
Z:0.002
tage:100.0
mdot_gs:4.537987679671458e+19
LEdd:1.56e+38
MEdd:8.666666666666668e+17
mdot_ratio:52.36139630390144
XLsph:3.8878531311683263e+40
XLsph2:7.841307253477478e+39
LXtot:7.734744588579726e+38
b:0.026625662437524032
Lx:2.904996112952672e+40
ratio:4.958169608063927
ratio_beamed:186.21769954824816
theta:0.46255518952072205
theta_deg:26.50246015141129
theta_half_deg:13.251230075705646
dincl:45.0