index:3202
Unnamed: 0:18506
mdot:0.25
m:1.5
idum:-200000
iidd:7241427
Z:0.002
tage:200.0
mdot_gs:1.5756901665525895e+19
LEdd:1.8000000000000002e+38
MEdd:1e+18
mdot_ratio:15.756901665525895
XLsph:3.0784278066323334e+39
XLsph2:8.19323835320274e+38
LXtot:6.7631012464957204e+38
b:0.2940229364935198
Lx:2.300195123262017e+39
ratio:3.7572784702754
ratio_beamed:12.778861795900097
theta:1.5739891038248637
theta_deg:90.18293264874342
theta_half_deg:45.09146632437171
dincl:5.0