index:3454
Unnamed: 0:4548
mdot:0.42
m:1.4
idum:-90000
iidd:3943089
Z:0.0002
tage:200.0
mdot_gs:2.6471594798083502e+19
LEdd:1.68e+38
MEdd:9.333333333333334e+17
mdot_ratio:28.36242299794661
XLsph:1.0765486664160632e+40
XLsph2:2.477635278008509e+39
LXtot:7.299709427098232e+38
b:0.09074781990540734
Lx:8.043950184926996e+39
ratio:4.345065135177519
ratio_beamed:47.8806558626607
theta:0.8586247761909708
theta_deg:49.19557586110752
theta_half_deg:24.59778793055376
dincl:40.0