index:144
Unnamed: 0:161
mdot:5.5
m:24.9
idum:-30000
iidd:3742291
Z:0.0002
tage:10.0
mdot_gs:3.4665183664156973e+20
LEdd:2.9880000000000004e+39
MEdd:3.984e+19
mdot_ratio:8.701100317308477
XLsph:1.31199229391977e+40
XLsph2:4.1473470579716015e+39
LXtot:9.452387078860948e+39
b:0.9642163879952248
Lx:9.803180278354446e+39
ratio:3.1634494909173183
ratio_beamed:3.2808501600918496
theta:3.070010147529496
theta_deg:175.89862451577537
theta_half_deg:87.94931225788768
dincl:10.0