index:3796
Unnamed: 0:4034
mdot:0.54
m:1.3
idum:-190000
iidd:4033617
Z:0.0002
tage:200.0
mdot_gs:3.403490759753594e+19
LEdd:1.56e+38
MEdd:8.666666666666668e+17
mdot_ratio:39.271047227926076
XLsph:2.0600284382027826e+40
XLsph2:4.410735330081083e+39
LXtot:7.28596055555495e+38
b:0.04733451100004271
Lx:1.5392491443607342e+40
ratio:4.670487535612146
ratio_beamed:98.66981694620091
theta:0.6178201907762081
theta_deg:35.39848942944407
theta_half_deg:17.699244714722035
dincl:15.0