index:4073
Unnamed: 0:4412
mdot:1.3
m:1.3
idum:-60000
iidd:4512645
Z:0.0002
tage:200.0
mdot_gs:8.193588866073467e+19
LEdd:1.56e+38
MEdd:8.666666666666668e+17
mdot_ratio:94.54140999315538
XLsph:1.418495222642685e+41
XLsph2:2.5562903661992555e+40
LXtot:8.65649918562539e+38
b:0.00816730379148666
Lx:1.0598968039671368e+41
ratio:5.549037939503455
ratio_beamed:679.4210281840619
theta:0.25578812394197953
theta_deg:14.655579951444633
theta_half_deg:7.327789975722316
dincl:45.0