index:5568
Unnamed: 0:18875
mdot:0.23
m:1.6
idum:-50000
iidd:4935086
Z:0.002
tage:200.0
mdot_gs:1.4496349532283826e+19
LEdd:1.9200000000000004e+38
MEdd:1.0666666666666668e+18
mdot_ratio:13.590327686516087
XLsph:2.346564638100315e+39
XLsph2:6.501334633266376e+38
LXtot:6.929968013181654e+38
b:0.39524192261258706
Lx:1.7533484219927637e+39
ratio:3.6093583401987774
ratio_beamed:9.132023031212311
theta:1.8426685222550143
theta_deg:105.5771293668205
theta_half_deg:52.78856468341025
dincl:40.0