index:5715
Unnamed: 0:18002
mdot:1.5
m:6.7
idum:-160000
iidd:1606013
Z:0.002
tage:200.0
mdot_gs:9.454140999315538e+19
LEdd:8.040000000000002e+38
MEdd:1.0720000000000002e+19
mdot_ratio:8.819161379958523
XLsph:3.64216208547276e+39
XLsph2:1.1464419337503831e+39
LXtot:2.5542491342240832e+39
b:0.9385734840315808
Lx:2.7214162531552384e+39
ratio:3.176926783860799
ratio_beamed:3.3848460860139773
theta:3.0186622316546647
theta_deg:172.9566056493547
theta_half_deg:86.47830282467736
dincl:45.0