index:8227
Unnamed: 0:28589
mdot:0.39
m:1.2
idum:-30000
iidd:2893862
Z:0.002
tage:500.0
mdot_gs:2.45807665982204e+19
LEdd:1.44e+38
MEdd:8e+17
mdot_ratio:30.725958247775498
XLsph:1.1029064034371099e+40
XLsph2:2.492383107044274e+39
LXtot:6.372155293705519e+38
b:0.07732358619158967
Lx:8.240894670762962e+39
ratio:4.425107842851054
ratio_beamed:57.22843521363168
theta:0.7916622919997145
theta_deg:45.35890813123704
theta_half_deg:22.67945406561852
dincl:5.0