index:8800
Unnamed: 0:29016
mdot:0.24
m:1.1
idum:-50000
iidd:3979564
Z:0.002
tage:500.0
mdot_gs:1.512662559890486e+19
LEdd:1.3200000000000002e+38
MEdd:7.333333333333335e+17
mdot_ratio:20.627216725779352
XLsph:4.1460673103492627e+39
XLsph2:1.0296666090424973e+39
LXtot:5.31512705335786e+38
b:0.1715700970086608
Lx:3.0979332331376804e+39
ratio:4.0266114040589835
ratio_beamed:23.469191160133942
theta:1.1889955246603394
theta_deg:68.12442542298044
theta_half_deg:34.06221271149022
dincl:5.0