index:10258
Unnamed: 0:27139
mdot:0.48
m:1.5
idum:-150000
iidd:7041750
Z:0.002
tage:500.0
mdot_gs:3.025325119780972e+19
LEdd:1.8000000000000002e+38
MEdd:1e+18
mdot_ratio:30.25325119780972
XLsph:1.3318570155790107e+40
XLsph2:3.020355386524658e+39
LXtot:7.937286581367161e+38
b:0.07975882608873693
Lx:9.951609082782149e+39
ratio:4.40960365631509
ratio_beamed:55.28671712656749
theta:0.8042000574168702
theta_deg:46.07726917416513
theta_half_deg:23.038634587082573
dincl:20.0