index:11749
Unnamed: 0:10276
mdot:0.3
m:1.3
idum:-70000
iidd:5464930
Z:0.0002
tage:500.0
mdot_gs:1.890828199863108e+19
LEdd:1.56e+38
MEdd:8.666666666666668e+17
mdot_ratio:21.817248459958925
XLsph:5.55793610265232e+39
XLsph2:1.3613380648398398e+39
LXtot:6.369013358307644e+38
b:0.1533638156401384
Lx:4.1528787815583945e+39
ratio:4.0827008707100285
ratio_beamed:26.62101783050253
theta:1.1223281957546545
theta_deg:64.30466884527418
theta_half_deg:32.15233442263709
dincl:25.0