index:146
Unnamed: 0:143
mdot:100.0
m:22.2
idum:-200000
iidd:8442258
Z:0.0002
tage:10.0
mdot_gs:6.302760666210359e+21
LEdd:2.664e+39
MEdd:3.552e+19
mdot_ratio:177.44258632348985
XLsph:9.50133791001447e+42
XLsph2:1.537769961186701e+42
LXtot:1.6459915872427076e+40
b:0.0032
Lx:5.1437237101334606e+42
ratio:6.178647099259412
ratio_beamed:1930.8272185185665
theta:0.16004269741595525
theta_deg:9.16977110382352
theta_half_deg:4.5848855519117615
dincl:45.0