index:13161
Unnamed: 0:8604
mdot:0.31
m:1.3
idum:-120000
iidd:8571375
Z:0.0002
tage:500.0
mdot_gs:1.9538558065252114e+19
LEdd:1.56e+38
MEdd:8.666666666666668e+17
mdot_ratio:22.5444900752909
XLsph:5.982304161414654e+39
XLsph2:1.4536065336789852e+39
LXtot:6.42016548191151e+38
b:0.14362896365881847
Lx:4.4699657495003633e+39
ratio:4.115490693533019
ratio_beamed:28.6536265993613
theta:1.0851922298664851
theta_deg:62.176934731740296
theta_half_deg:31.088467365870148
dincl:25.0