index:13197
Unnamed: 0:9013
mdot:0.3
m:1.1
idum:-160000
iidd:5398591
Z:0.0002
tage:500.0
mdot_gs:1.890828199863108e+19
LEdd:1.3200000000000002e+38
MEdd:7.333333333333335e+17
mdot_ratio:25.784020907224193
XLsph:6.837235584626039e+39
XLsph2:1.6088540766289018e+39
LXtot:5.609676541092616e+38
b:0.10980486208554292
Lx:5.1087688054490946e+39
ratio:4.249754955373193
ratio_beamed:38.702793980674954
theta:0.9460460145624052
theta_deg:54.20444385959785
theta_half_deg:27.102221929798922
dincl:5.0