index:15544
Unnamed: 0:13325
mdot:0.16
m:1.3
idum:-160000
iidd:1457272
Z:0.002
tage:1000.0
mdot_gs:1.0084417065936574e+19
LEdd:1.56e+38
MEdd:8.666666666666668e+17
mdot_ratio:11.635865845311429
XLsph:1.3375110276814786e+39
XLsph2:3.872250495544434e+38
LXtot:5.3883838496087406e+38
b:0.5391696643598616
Lx:9.993855748554014e+38
ratio:3.4540922112876538
ratio_beamed:6.406317787534625
theta:2.18373150691475
theta_deg:125.11859893595852
theta_half_deg:62.55929946797927
dincl:45.0