index:17261
Unnamed: 0:16170
mdot:6.1
m:1.3
idum:-60000
iidd:6284403
Z:0.002
tage:1000.0
mdot_gs:3.8446840063883195e+20
LEdd:1.56e+38
MEdd:8.666666666666668e+17
mdot_ratio:443.61738535249833
XLsph:3.9933120604394224e+42
XLsph2:5.628376599187828e+41
LXtot:1.106814141609576e+39
b:0.0032
Lx:3.458794192529925e+41
ratio:7.09496244621523
ratio_beamed:2217.1757644422587
theta:0.16004269741595525
theta_deg:9.16977110382352
theta_half_deg:4.5848855519117615
dincl:15.0