index:27064
Unnamed: 0:34516
mdot:0.29
m:1.3
idum:-60000
iidd:443358
Z:0.02
tage:2000.0
mdot_gs:1.827800593201004e+19
LEdd:1.56e+38
MEdd:8.666666666666668e+17
mdot_ratio:21.090006844626966
XLsph:5.1504565263834726e+39
XLsph2:1.2720947917003392e+39
LXtot:6.3161269376935815e+38
b:0.16412298938897102
Lx:3.8484108540847864e+39
ratio:4.048799319034346
ratio_beamed:24.66930034669734
theta:1.1621355365647568
theta_deg:66.58546146733192
theta_half_deg:33.29273073366596
dincl:10.0