index:148
Unnamed: 0:124
mdot:14.0
m:24.8
idum:-10000
iidd:6684748
Z:0.0002
tage:10.0
mdot_gs:8.823864932694503e+20
LEdd:2.976e+39
MEdd:3.968e+19
mdot_ratio:22.23756283441155
XLsph:1.106678330022096e+41
XLsph2:2.698042199643376e+40
LXtot:1.2206905846695378e+40
b:0.14762111580487705
Lx:8.269078431049286e+40
ratio:4.101782878593877
ratio_beamed:27.78588182476239
theta:1.1005571392596292
theta_deg:63.05727919256834
theta_half_deg:31.52863959628417
dincl:25.0