index:160
Unnamed: 0:10980
mdot:2.3
m:1.8
idum:-80000
iidd:1388733
Z:0.002
tage:10.0
mdot_gs:1.4496349532283824e+20
LEdd:2.1600000000000003e+38
MEdd:1.2000000000000005e+18
mdot_ratio:120.80291276903185
XLsph:3.3484245033959206e+41
XLsph2:5.778964118458997e+40
LXtot:1.2515386458678712e+39
b:0.005002280583065557
Lx:2.501936117107786e+41
ratio:5.79416039753644
ratio_beamed:1158.3037579202712
theta:0.20012909081275665
theta_deg:11.466552261361333
theta_half_deg:5.733276130680666
dincl:40.0