index:171
Unnamed: 0:10985
mdot:1300.0
m:16.2
idum:-80000
iidd:2910198
Z:0.002
tage:10.0
mdot_gs:8.193588866073466e+22
LEdd:1.9440000000000002e+39
MEdd:2.592e+19
mdot_ratio:3161.106815614763
XLsph:3.226122368189667e+45
XLsph2:3.5613613212223848e+44
LXtot:1.761006906653348e+40
b:0.0032
Lx:5.503146583291712e+42
ratio:9.058677503360844
ratio_beamed:2830.8367198002643
theta:0.16004269741595525
theta_deg:9.16977110382352
theta_half_deg:4.5848855519117615
dincl:25.0