index:178
Unnamed: 0:10963
mdot:8.4
m:14.0
idum:-70000
iidd:2795217
Z:0.002
tage:10.0
mdot_gs:5.2943189596167025e+20
LEdd:1.68e+39
MEdd:2.24e+19
mdot_ratio:23.63535249828885
XLsph:7.162333571601737e+40
XLsph2:1.7205800541725763e+40
LXtot:6.993409211684387e+39
b:0.1306768606637865
Lx:5.351681373550489e+40
ratio:4.162743578383564
ratio_beamed:31.85524627113386
theta:1.0339302930085186
theta_deg:59.239842100112675
theta_half_deg:29.619921050056337
dincl:20.0