index:181
Unnamed: 0:10960
mdot:280.0
m:30.8
idum:-70000
iidd:2523363
Z:0.002
tage:10.0
mdot_gs:1.7647729865389005e+22
LEdd:3.696e+39
MEdd:4.928e+19
mdot_ratio:358.11140148922493
XLsph:5.979314717537122e+43
XLsph2:8.689798253396848e+42
LXtot:2.543159985029397e+40
b:0.0032
Lx:7.947374953216862e+42
ratio:6.8808441153392765
ratio_beamed:2150.2637860435234
theta:0.16004269741595525
theta_deg:9.16977110382352
theta_half_deg:4.5848855519117615
dincl:25.0