index:193
Unnamed: 0:10950
mdot:3.3
m:13.8
idum:-60000
iidd:8187412
Z:0.002
tage:10.0
mdot_gs:2.0799110198494183e+20
LEdd:1.6560000000000005e+39
MEdd:2.2080000000000004e+19
mdot_ratio:9.419886865260043
XLsph:8.736075849751803e+39
XLsph2:2.6939723933085093e+39
LXtot:5.370115017927823e+39
b:0.8226810361921164
Lx:6.527578468058632e+39
ratio:3.24282307845883
ratio_beamed:3.9417744372334726
theta:2.7850695066041378
theta_deg:159.57272837899964
theta_half_deg:79.78636418949982
dincl:30.0