index:28
Unnamed: 0:35
mdot:26.0
m:8.2
idum:-130000
iidd:2074406
Z:0.0002
tage:10.0
mdot_gs:1.6387177732146932e+21
LEdd:9.84e+38
MEdd:1.312e+19
mdot_ratio:124.9022692999004
XLsph:1.6400678952649226e+42
XLsph2:2.8143440684781776e+41
LXtot:5.734291080526416e+39
b:0.004679314141970242
Lx:1.2254554634607142e+42
ratio:5.82753158590083
ratio_beamed:1245.3815685576365
theta:0.19355553275826795
theta_deg:11.089915128454905
theta_half_deg:5.5449575642274525
dincl:30.0