index:199
Unnamed: 0:10941
mdot:9.4
m:14.0
idum:-60000
iidd:3843711
Z:0.002
tage:10.0
mdot_gs:5.924595026237738e+20
LEdd:1.68e+39
MEdd:2.24e+19
mdot_ratio:26.44908493856133
XLsph:9.21150613981867e+40
XLsph2:2.1546266097886732e+40
LXtot:7.18237222384123e+39
b:0.1043521875106018
Lx:6.8828190334884215e+40
ratio:4.275221561810255
ratio_beamed:40.969160913621565
theta:0.9218214448304488
theta_deg:52.81647825343639
theta_half_deg:26.408239126718193
dincl:45.0