index:201
Unnamed: 0:10939
mdot:2.2
m:9.6
idum:-60000
iidd:3093994
Z:0.002
tage:10.0
mdot_gs:1.386607346566279e+20
LEdd:1.152e+39
MEdd:1.536e+19
mdot_ratio:9.027391579207547
XLsph:5.508130353862985e+39
XLsph2:1.721149029058215e+39
LXtot:3.68670351057412e+39
b:0.8957736802394306
Lx:4.115664025302356e+39
ratio:3.2002634640400345
ratio_beamed:3.5726250219638502
theta:2.9327607492550736
theta_deg:168.03481325394085
theta_half_deg:84.0174066269704
dincl:5.0