index:204
Unnamed: 0:10936
mdot:19.0
m:13.6
idum:-60000
iidd:1477567
Z:0.002
tage:10.0
mdot_gs:1.197524526579968e+21
LEdd:1.632e+39
MEdd:2.176e+19
mdot_ratio:55.033296258270596
XLsph:4.538074469406374e+41
XLsph2:9.061761781575335e+40
LXtot:8.172955450152751e+39
b:0.024103039261536358
Lx:3.3908402012999077e+41
ratio:5.007938388573988
ratio_beamed:207.77207115808255
theta:0.4400044777577769
theta_deg:25.21039954237852
theta_half_deg:12.60519977118926
dincl:45.0