index:206
Unnamed: 0:10934
mdot:8.5
m:11.3
idum:-60000
iidd:205716
Z:0.002
tage:10.0
mdot_gs:5.357346566278805e+20
LEdd:1.356e+39
MEdd:1.808e+19
mdot_ratio:29.631341627648247
XLsph:9.579719120896956e+40
XLsph2:2.1827487869428394e+40
LXtot:5.951257059741732e+39
b:0.08314195434930391
Lx:7.157947039275435e+40
ratio:4.3888326399275295
ratio_beamed:52.787220053653634
theta:0.8213174714292694
theta_deg:47.058024753253704
theta_half_deg:23.529012376626852
dincl:45.0