index:207
Unnamed: 0:10933
mdot:17.0
m:21.9
idum:-60000
iidd:168074
Z:0.002
tage:10.0
mdot_gs:1.071469313255761e+21
LEdd:2.628e+39
MEdd:3.504e+19
mdot_ratio:30.57846213629455
XLsph:1.9913583476844487e+41
XLsph2:4.505034026019011e+40
LXtot:1.1616537649859355e+40
b:0.07807133042029454
Lx:1.4879389895525144e+41
ratio:4.4202959093833165
ratio_beamed:56.618683011891726
theta:0.79553192710592
theta_deg:45.58062189107827
theta_half_deg:22.790310945539137
dincl:5.0