index:211
Unnamed: 0:10947
mdot:21.0
m:14.9
idum:-60000
iidd:7494719
Z:0.002
tage:10.0
mdot_gs:1.3235797399041752e+21
LEdd:1.788e+39
MEdd:2.384e+19
mdot_ratio:55.51928439195366
XLsph:5.0689433026890436e+41
XLsph2:1.0104077499335597e+41
LXtot:8.969914003335758e+39
b:0.02368291415181
Lx:3.787504335757692e+41
ratio:5.016730426921566
ratio_beamed:211.82910155244363
theta:0.4361374932075993
theta_deg:24.98883764821105
theta_half_deg:12.494418824105525
dincl:5.0