index:225
Unnamed: 0:10916
mdot:4.3
m:16.0
idum:-40000
iidd:8739551
Z:0.002
tage:10.0
mdot_gs:2.7101870864704543e+20
LEdd:1.92e+39
MEdd:2.56e+19
mdot_ratio:10.586668306525212
XLsph:1.3254039706053296e+40
XLsph2:3.945129613299968e+39
LXtot:6.450423365009838e+39
b:0.6513347473647685
Lx:9.903392059317529e+39
ratio:3.3595955026092903
ratio_beamed:5.158016697561213
theta:2.4292994308466533
theta_deg:139.1886045610462
theta_half_deg:69.5943022805231
dincl:25.0