index:236
Unnamed: 0:168
mdot:6.5
m:25.0
idum:-40000
iidd:1837728
Z:0.0002
tage:10.0
mdot_gs:4.096794433036733e+20
LEdd:3e+39
MEdd:4e+19
mdot_ratio:10.241986082591831
XLsph:1.9191901215054288e+40
XLsph2:5.769405340380263e+39
LXtot:9.979486662548836e+39
b:0.6959122757243071
Lx:1.434015034748764e+40
ratio:3.3264955541829457
ratio_beamed:4.780050115829213
theta:2.5236313381004902
theta_deg:144.59342472011056
theta_half_deg:72.29671236005528
dincl:40.0