index:239
Unnamed: 0:171
mdot:4.1
m:7.6
idum:-40000
iidd:4251711
Z:0.0002
tage:10.0
mdot_gs:2.5841318731462472e+20
LEdd:9.12e+38
MEdd:1.216e+19
mdot_ratio:21.251084483110585
XLsph:3.0629512996087123e+40
XLsph2:7.550895653362835e+39
LXtot:3.6994440308535895e+39
b:0.16164440035089306
Lx:2.2886311080513416e+40
ratio:4.056407928567531
ratio_beamed:25.09463934266822
theta:1.15307340485683
theta_deg:66.06623956707604
theta_half_deg:33.03311978353802
dincl:10.0