index:249
Unnamed: 0:183
mdot:4.1
m:16.6
idum:-50000
iidd:7295222
Z:0.0002
tage:10.0
mdot_gs:2.5841318731462472e+20
LEdd:1.992e+39
MEdd:2.6560000000000004e+19
mdot_ratio:9.729412172990386
XLsph:1.132232533541407e+40
XLsph2:3.457036564190213e+39
LXtot:6.524105733150662e+39
b:0.771169164831927
Lx:8.460018930570911e+39
ratio:3.2751534804973192
ratio_beamed:4.246997455105878
theta:2.67983969320277
theta_deg:153.5435041921521
theta_half_deg:76.77175209607606
dincl:35.0