index:37
Unnamed: 0:64
mdot:430.0
m:22.7
idum:-150000
iidd:3276698
Z:0.0002
tage:10.0
mdot_gs:2.7101870864704542e+22
LEdd:2.724e+39
MEdd:3.632e+19
mdot_ratio:746.1968850414246
XLsph:2.117506292691913e+44
XLsph2:2.7807080974801525e+43
LXtot:2.0743231360816872e+40
b:0.0032
Lx:6.482259800255272e+42
ratio:7.614989486349807
ratio_beamed:2379.6842144843145
theta:0.16004269741595525
theta_deg:9.16977110382352
theta_half_deg:4.5848855519117615
dincl:25.0