index:250
Unnamed: 0:184
mdot:16.0
m:26.4
idum:-60000
iidd:422533
Z:0.0002
tage:10.0
mdot_gs:1.0084417065936574e+21
LEdd:3.1680000000000004e+39
MEdd:4.224e+19
mdot_ratio:23.874093432614995
XLsph:1.381361419722752e+41
XLsph2:3.3103993346273696e+40
LXtot:1.3219411120303025e+40
b:0.1280763911365772
Lx:1.0321505004155058e+41
ratio:4.172793914237065
ratio_beamed:32.580508220186424
theta:1.0233580793189063
theta_deg:58.63409887558746
theta_half_deg:29.31704943779373
dincl:25.0