index:254
Unnamed: 0:188
mdot:3.4
m:14.9
idum:-60000
iidd:4805861
Z:0.0002
tage:10.0
mdot_gs:2.142938626511522e+20
LEdd:1.788e+39
MEdd:2.384e+19
mdot_ratio:8.988836520602021
XLsph:8.464872694142146e+39
XLsph2:2.648597185766882e+39
LXtot:5.71441835642662e+39
b:0.9034744931616099
Lx:6.324936010566983e+39
ratio:3.1959834208202573
ratio_beamed:3.5374362475206835
theta:2.9482405943644387
theta_deg:168.92174304622367
theta_half_deg:84.46087152311183
dincl:10.0