index:261
Unnamed: 0:186
mdot:4.5
m:16.4
idum:-60000
iidd:2188554
Z:0.0002
tage:10.0
mdot_gs:2.836242299794661e+20
LEdd:1.968e+39
MEdd:2.624e+19
mdot_ratio:10.808850227875995
XLsph:1.424915653391428e+40
XLsph2:4.2152712564114726e+39
LXtot:6.652558839740291e+39
b:0.6248328612290138
Lx:1.0646941370297096e+40
ratio:3.3803652640956763
ratio_beamed:5.410031184094052
theta:2.3724384996495154
theta_deg:135.93071318426644
theta_half_deg:67.96535659213322
dincl:40.0