index:269
Unnamed: 0:194
mdot:6.7
m:15.1
idum:-70000
iidd:1310706
Z:0.0002
tage:10.0
mdot_gs:4.222849646360941e+20
LEdd:1.812e+39
MEdd:2.416e+19
mdot_ratio:17.47868231109661
XLsph:3.9184542535814763e+40
XLsph2:1.0148854019737064e+40
LXtot:6.996099356322781e+39
b:0.23894914591182864
Lx:2.9278612106461834e+40
ratio:3.860981984725597
ratio_beamed:16.15817445168975
theta:1.4117295793162992
theta_deg:80.88614670860315
theta_half_deg:40.443073354301575
dincl:40.0