index:273
Unnamed: 0:217
mdot:4.6
m:20.6
idum:-80000
iidd:5977849
Z:0.0002
tage:10.0
mdot_gs:2.8992699064567647e+20
LEdd:2.472e+39
MEdd:3.296000000000001e+19
mdot_ratio:8.796328599686785
XLsph:1.113128930223712e+40
XLsph2:3.5066529845018186e+39
LXtot:7.846954710586899e+39
b:0.9434523503243109
Lx:8.317277187225743e+39
ratio:3.1743344298490688
ratio_beamed:3.3645943314019986
theta:3.0284369943977065
theta_deg:173.51665830027272
theta_half_deg:86.75832915013636
dincl:25.0