index:274
Unnamed: 0:218
mdot:2.0
m:6.7
idum:-80000
iidd:7329011
Z:0.0002
tage:10.0
mdot_gs:1.2605521332420718e+20
LEdd:8.040000000000002e+38
MEdd:1.0720000000000002e+19
mdot_ratio:11.758881839944696
XLsph:7.061285114523908e+39
XLsph2:2.0381189933340148e+39
LXtot:2.7855455204753146e+39
b:0.5279475847677642
Lx:5.276178167763817e+39
ratio:3.46460885631258
ratio_beamed:6.5624106564226565
theta:2.1583577217971857
theta_deg:123.66478813845022
theta_half_deg:61.83239406922511
dincl:25.0