index:279
Unnamed: 0:223
mdot:12.0
m:24.8
idum:-90000
iidd:2557166
Z:0.0002
tage:10.0
mdot_gs:7.56331279945243e+20
LEdd:2.976e+39
MEdd:3.968e+19
mdot_ratio:19.060768143781328
XLsph:7.825135048856305e+40
XLsph2:1.9822350854522762e+40
LXtot:1.1748153423529458e+40
b:0.20092874095663815
Lx:5.846925316704588e+40
ratio:3.9476321987666183
ratio_beamed:19.64692646742133
theta:1.2900948339165197
theta_deg:73.91698915504746
theta_half_deg:36.95849457752373
dincl:20.0