index:283
Unnamed: 0:30013
mdot:6.2
m:7.6
idum:-40000
iidd:4056768
Z:0.02
tage:10.0
mdot_gs:3.907711613050423e+20
LEdd:9.12e+38
MEdd:1.216e+19
mdot_ratio:32.13578629153308
XLsph:7.718248668798954e+40
XLsph2:1.7266890476815428e+40
LXtot:4.076612865180384e+39
b:0.07068788683398836
Lx:5.767060026499838e+40
ratio:4.469970246908317
ratio_beamed:63.23530730811226
theta:0.7565011420858206
theta_deg:43.344322638344146
theta_half_deg:21.672161319172073
dincl:25.0