index:302
Unnamed: 0:207
mdot:7.7
m:23.7
idum:-70000
iidd:7849805
Z:0.0002
tage:10.0
mdot_gs:4.853125712981977e+20
LEdd:2.8440000000000004e+39
MEdd:3.792000000000001e+19
mdot_ratio:12.798327302167655
XLsph:3.0312512367040438e+40
XLsph2:8.54038505558e+39
LXtot:1.00942503892769e+40
b:0.44567311370968493
Lx:2.264944884212238e+40
ratio:3.549314482868108
ratio_beamed:7.963941224374956
theta:1.9664846377740357
theta_deg:112.67127022176467
theta_half_deg:56.335635110882336
dincl:25.0