index:310
Unnamed: 0:113
mdot:5.3
m:11.5
idum:-190000
iidd:8804803
Z:0.0002
tage:10.0
mdot_gs:3.34046315309149e+20
LEdd:1.38e+39
MEdd:1.84e+19
mdot_ratio:18.154691049410268
XLsph:3.251199142535132e+40
XLsph2:8.338698019618296e+39
LXtot:5.380522002527029e+39
b:0.22148541602715835
Lx:2.4292895211968596e+40
ratio:3.8989289873384263
ratio_beamed:17.603547255049712
theta:1.3570014313973735
theta_deg:77.75045481228102
theta_half_deg:38.875227406140525
dincl:35.0