index:315
Unnamed: 0:10901
mdot:7.5
m:14.5
idum:-40000
iidd:3668309
Z:0.002
tage:10.0
mdot_gs:4.7270704996577686e+20
LEdd:1.74e+39
MEdd:2.32e+19
mdot_ratio:20.37530387783521
XLsph:5.316321637280668e+40
XLsph2:1.324338095884064e+40
LXtot:6.984923017481606e+39
b:0.1758387837091912
Lx:3.972344934456288e+40
ratio:4.01432357326529
ratio_beamed:22.829568588829247
theta:1.2041534944017174
theta_deg:68.99291311514841
theta_half_deg:34.49645655757421
dincl:45.0