index:333
Unnamed: 0:10883
mdot:3.1
m:12.3
idum:-30000
iidd:2803436
Z:0.002
tage:10.0
mdot_gs:1.9538558065252116e+20
LEdd:1.4760000000000005e+39
MEdd:1.9680000000000004e+19
mdot_ratio:9.92812909819721
XLsph:8.789558841468165e+39
XLsph2:2.6672432443861223e+39
LXtot:4.8639691476631327e+39
b:0.7406073683597021
Lx:6.56754085290274e+39
ratio:3.295372051262284
ratio_beamed:4.449553423375839
theta:2.6168061424617206
theta_deg:149.93194776696626
theta_half_deg:74.96597388348313
dincl:10.0