index:335
Unnamed: 0:10881
mdot:2.8
m:1.9
idum:-30000
iidd:2486910
Z:0.002
tage:10.0
mdot_gs:1.7647729865389005e+20
LEdd:2.28e+38
MEdd:1.2666666666666668e+18
mdot_ratio:139.32418314780793
XLsph:4.8170589950882345e+41
XLsph2:8.113893308098045e+40
LXtot:1.353591191276786e+39
b:0.003760710036641179
Lx:3.5992968830049056e+41
ratio:5.936803470512219
ratio_beamed:1578.6389837740815
theta:0.17350664679036218
theta_deg:9.941198578554843
theta_half_deg:4.970599289277423
dincl:25.0