index:340
Unnamed: 0:10876
mdot:1.5
m:1.9
idum:-30000
iidd:1936636
Z:0.002
tage:10.0
mdot_gs:9.454140999315538e+19
LEdd:2.28e+38
MEdd:1.2666666666666668e+18
mdot_ratio:74.63795525775423
XLsph:1.2371059193669311e+41
XLsph2:2.328604584594464e+40
LXtot:1.2112840088081429e+39
b:0.01310398519434082
Lx:9.243630779827626e+40
ratio:5.312649161439224
ratio_beamed:405.42240262401873
theta:0.32413212978954564
theta_deg:18.571403041527592
theta_half_deg:9.285701520763793
dincl:35.0