index:353
Unnamed: 0:10862
mdot:16.0
m:12.8
idum:-20000
iidd:5151153
Z:0.002
tage:10.0
mdot_gs:1.0084417065936574e+21
LEdd:1.5360000000000003e+39
MEdd:2.0480000000000004e+19
mdot_ratio:49.24031770476842
XLsph:3.34332789469136e+41
XLsph2:6.827698627668951e+40
LXtot:7.521350789320345e+39
b:0.03010794869693643
Lx:2.4981279412388737e+41
ratio:4.896712753463765
ratio_beamed:162.6385378410725
theta:0.4920183329313277
theta_deg:28.190573920027685
theta_half_deg:14.095286960013842
dincl:45.0