index:357
Unnamed: 0:10858
mdot:2.7
m:10.0
idum:-20000
iidd:3657988
Z:0.002
tage:10.0
mdot_gs:1.701745379876797e+20
LEdd:1.2e+39
MEdd:1.6e+19
mdot_ratio:10.635908624229982
XLsph:8.372560886915674e+39
XLsph2:2.488696149785334e+39
LXtot:4.0370830585989506e+39
b:0.6453178304384519
Lx:6.255960812141224e+39
ratio:3.3642358821657927
ratio_beamed:5.213300676784353
theta:2.416444423610045
theta_deg:138.45206690077845
theta_half_deg:69.22603345038922
dincl:40.0