index:366
Unnamed: 0:10867
mdot:3.7
m:16.8
idum:-20000
iidd:7422778
Z:0.002
tage:10.0
mdot_gs:2.3320214464978328e+20
LEdd:2.0160000000000003e+39
MEdd:2.6880000000000004e+19
mdot_ratio:8.675675024173485
XLsph:8.792198565538597e+39
XLsph2:2.7818807801424986e+39
LXtot:6.37161464094729e+39
b:0.9698762144155559
Lx:6.56951324946844e+39
ratio:3.1605231353905205
ratio_beamed:3.25868712771252
theta:3.0813359668307267
theta_deg:176.54754616126368
theta_half_deg:88.27377308063184
dincl:10.0