index:371
Unnamed: 0:10845
mdot:1.4
m:1.8
idum:-200000
iidd:5170438
Z:0.002
tage:10.0
mdot_gs:8.823864932694503e+19
LEdd:2.1600000000000003e+38
MEdd:1.2000000000000005e+18
mdot_ratio:73.53220777245417
XLsph:1.1343306994046992e+41
XLsph2:2.1411662896369824e+40
LXtot:1.1443082784240706e+39
b:0.013501053206335096
Lx:8.475696384094888e+40
ratio:5.297723511222548
ratio_beamed:392.393351115504
theta:0.32901723721996795
theta_deg:18.851299079758785
theta_half_deg:9.425649539879393
dincl:20.0