index:399
Unnamed: 0:10819
mdot:270.0
m:23.1
idum:-10000
iidd:1743727
Z:0.002
tage:10.0
mdot_gs:1.701745379876797e+22
LEdd:2.7720000000000003e+39
MEdd:3.696000000000001e+19
mdot_ratio:460.42894477186053
XLsph:7.683885500937709e+43
XLsph2:1.0773576405997108e+43
LXtot:1.9770343482915142e+40
b:0.0032
Lx:6.178232338410983e+42
ratio:7.132158543620181
ratio_beamed:2228.7995448813067
theta:0.16004269741595525
theta_deg:9.16977110382352
theta_half_deg:4.5848855519117615
dincl:10.0