index:421
Unnamed: 0:10816
mdot:600.0
m:31.7
idum:-10000
iidd:105722
Z:0.002
tage:10.0
mdot_gs:3.7816563997262165e+22
LEdd:3.804e+39
MEdd:5.072e+19
mdot_ratio:745.5947160343485
XLsph:2.9519625916385897e+44
XLsph2:3.876926665553348e+43
LXtot:2.8964348999339304e+40
b:0.0032
Lx:9.051359062293532e+42
ratio:7.6141821764824655
ratio_beamed:2379.4319301507708
theta:0.16004269741595525
theta_deg:9.16977110382352
theta_half_deg:4.5848855519117615
dincl:10.0