index:40
Unnamed: 0:45
mdot:9.5
m:13.8
idum:-130000
iidd:8751681
Z:0.0002
tage:10.0
mdot_gs:5.98762263289984e+20
LEdd:1.6560000000000005e+39
MEdd:2.2080000000000004e+19
mdot_ratio:27.11785612726377
XLsph:9.60064386619314e+40
XLsph2:2.2326079751707353e+40
LXtot:7.121118628629829e+39
b:0.0992686591039573
Lx:7.173581967267602e+40
ratio:4.300192408592891
ratio_beamed:43.318731686398564
theta:0.8986921672643325
theta_deg:51.4912682657113
theta_half_deg:25.74563413285565
dincl:5.0