index:437
Unnamed: 0:10782
mdot:11.0
m:14.9
idum:-180000
iidd:6071455
Z:0.002
tage:10.0
mdot_gs:6.933036732831395e+20
LEdd:1.788e+39
MEdd:2.384e+19
mdot_ratio:29.081529919594768
XLsph:1.21153272262058e+41
XLsph2:2.7723205837179303e+40
LXtot:7.813744632449763e+39
b:0.08631541438800175
Lx:9.052548363292003e+40
ratio:4.370103261996512
ratio_beamed:50.62946511908279
theta:0.8370736597488698
theta_deg:47.96078784518014
theta_half_deg:23.98039392259007
dincl:25.0