index:451
Unnamed: 0:10769
mdot:470.0
m:13.9
idum:-170000
iidd:7886745
Z:0.002
tage:10.0
mdot_gs:2.962297513118869e+22
LEdd:1.668e+39
MEdd:2.224e+19
mdot_ratio:1331.968306258484
XLsph:4.445730322489768e+44
XLsph2:5.425318801626156e+43
LXtot:1.3668280978603982e+40
b:0.0032
Lx:4.271337805813744e+42
ratio:8.194413056717012
ratio_beamed:2560.754080224067
theta:0.16004269741595525
theta_deg:9.16977110382352
theta_half_deg:4.5848855519117615
dincl:15.0