index:459
Unnamed: 0:10834
mdot:19.0
m:14.3
idum:-10000
iidd:7228735
Z:0.002
tage:10.0
mdot_gs:1.197524526579968e+21
LEdd:1.7160000000000003e+39
MEdd:2.2880000000000004e+19
mdot_ratio:52.339358679194405
XLsph:4.272676543498055e+41
XLsph2:8.618179037022694e+40
LXtot:8.507496673190031e+39
b:0.026648088768336783
Lx:3.1925353998740145e+41
ratio:4.957748644050134
ratio_beamed:186.04518647284462
theta:0.4627508229572647
theta_deg:26.51366912165683
theta_half_deg:13.256834560828414
dincl:10.0