index:465
Unnamed: 0:10659
mdot:3.8
m:17.3
idum:-120000
iidd:1918667
Z:0.002
tage:10.0
mdot_gs:2.395049053159936e+20
LEdd:2.0760000000000004e+39
MEdd:2.7680000000000004e+19
mdot_ratio:8.652633862572022
XLsph:8.998266013910412e+39
XLsph2:2.849478849235249e+39
LXtot:6.555725181077065e+39
b:0.9750484727218344
Lx:6.723486436296697e+39
ratio:3.1578637673781618
ratio_beamed:3.23867362056681
theta:3.091684419485642
theta_deg:177.14046882288127
theta_half_deg:88.57023441144064
dincl:30.0