index:468
Unnamed: 0:10748
mdot:3.8
m:16.2
idum:-160000
iidd:8214991
Z:0.002
tage:10.0
mdot_gs:2.395049053159936e+20
LEdd:1.9440000000000002e+39
MEdd:2.592e+19
mdot_ratio:9.240158384104692
XLsph:9.80916756150011e+39
XLsph2:3.042961980973446e+39
LXtot:6.266598747795073e+39
b:0.8549958942200481
Lx:7.329390456911663e+39
ratio:3.2235590266435565
ratio_beamed:3.770262580715876
theta:2.8505584093090097
theta_deg:163.3249661089317
theta_half_deg:81.66248305446588
dincl:5.0