index:483
Unnamed: 0:10751
mdot:3.7
m:16.1
idum:-170000
iidd:2422629
Z:0.002
tage:10.0
mdot_gs:2.3320214464978328e+20
LEdd:1.9320000000000006e+39
MEdd:2.5760000000000004e+19
mdot_ratio:9.05287828609407
XLsph:9.298011484070107e+39
XLsph2:2.902832118409563e+39
LXtot:6.1883558726316e+39
b:0.8907370094198422
Lx:6.947455654348773e+39
ratio:3.203082749809316
ratio_beamed:3.595991539517998
theta:2.922629511311549
theta_deg:167.45433607853403
theta_half_deg:83.72716803926701
dincl:5.0