index:493
Unnamed: 0:10696
mdot:270.0
m:24.3
idum:-140000
iidd:4239361
Z:0.002
tage:10.0
mdot_gs:1.701745379876797e+22
LEdd:2.916000000000001e+39
MEdd:3.888000000000001e+19
mdot_ratio:437.6917129312749
XLsph:7.252567343328938e+43
XLsph2:1.0241547941503427e+43
LXtot:2.0649697188296962e+40
b:0.0032
Lx:6.453030371342801e+42
ratio:7.081514810801427
ratio_beamed:2212.973378375446
theta:0.16004269741595525
theta_deg:9.16977110382352
theta_half_deg:4.5848855519117615
dincl:5.0