index:496
Unnamed: 0:10743
mdot:470.0
m:17.2
idum:-160000
iidd:5270466
Z:0.002
tage:10.0
mdot_gs:2.962297513118869e+22
LEdd:2.064e+39
MEdd:2.7520000000000004e+19
mdot_ratio:1076.4162474995887
XLsph:3.4993733965773792e+44
XLsph2:4.3844146129420683e+43
LXtot:1.6473594146902694e+40
b:0.0032
Lx:5.1479981709070916e+42
ratio:7.981392513034253
ratio_beamed:2494.1851603232035
theta:0.16004269741595525
theta_deg:9.16977110382352
theta_half_deg:4.5848855519117615
dincl:30.0