index:503
Unnamed: 0:10732
mdot:11.0
m:13.8
idum:-160000
iidd:783605
Z:0.002
tage:10.0
mdot_gs:6.933036732831395e+20
LEdd:1.6560000000000005e+39
MEdd:2.2080000000000004e+19
mdot_ratio:31.39962288420015
XLsph:1.3310605941000115e+41
XLsph2:2.9933026592316774e+40
LXtot:7.363893981891574e+39
b:0.07404129325729046
Lx:9.945658237359988e+40
ratio:4.446795882784767
ratio_beamed:60.05832268937189
theta:0.7744596044362837
theta_deg:44.373266737570255
theta_half_deg:22.186633368785127
dincl:5.0