index:505
Unnamed: 0:10693
mdot:98.0
m:10.6
idum:-140000
iidd:1648144
Z:0.002
tage:10.0
mdot_gs:6.176705452886152e+21
LEdd:1.272e+39
MEdd:1.696e+19
mdot_ratio:364.19253849564575
XLsph:2.1335058841071968e+43
XLsph2:3.093076302836445e+42
LXtot:8.773852368581079e+39
b:0.0032
Lx:2.7418288651815874e+42
ratio:6.897682679702107
ratio_beamed:2155.525837406908
theta:0.16004269741595525
theta_deg:9.16977110382352
theta_half_deg:4.5848855519117615
dincl:25.0