index:53
Unnamed: 0:59
mdot:14.0
m:25.9
idum:-140000
iidd:8543160
Z:0.0002
tage:10.0
mdot_gs:8.823864932694503e+20
LEdd:3.108e+39
MEdd:4.144e+19
mdot_ratio:21.293110358818783
XLsph:1.048464536153408e+41
XLsph2:2.5834535347936573e+40
LXtot:1.261345611398837e+40
b:0.16100696002385145
Lx:7.834106123188602e+40
ratio:4.058383563059321
ratio_beamed:25.206261657620985
theta:1.1507325980355516
theta_deg:65.93212121556135
theta_half_deg:32.96606060778068
dincl:15.0