index:509
Unnamed: 0:10707
mdot:8.8
m:36.1
idum:-150000
iidd:631393
Z:0.002
tage:10.0
mdot_gs:5.546429386265116e+20
LEdd:4.332000000000001e+39
MEdd:5.776000000000001e+19
mdot_ratio:9.60254395129002
XLsph:2.3888571604578806e+40
XLsph2:7.323226893721381e+39
LXtot:1.4131105548533424e+40
b:0.7916810559250411
Lx:1.7849493104293003e+40
ratio:3.2620280582948804
ratio_beamed:4.120381603022391
theta:2.721880893162995
theta_deg:155.95228751553856
theta_half_deg:77.97614375776928
dincl:35.0