index:519
Unnamed: 0:109
mdot:150.0
m:27.3
idum:-190000
iidd:5796818
Z:0.0002
tage:10.0
mdot_gs:9.454140999315541e+21
LEdd:3.2760000000000004e+39
MEdd:4.368000000000001e+19
mdot_ratio:216.44095694403703
XLsph:1.7943298331323102e+43
XLsph2:2.8136120718416005e+42
LXtot:2.089209309332384e+40
b:0.0032
Lx:6.5287790916637e+42
ratio:6.377317794054897
ratio_beamed:1992.9118106421552
theta:0.16004269741595525
theta_deg:9.16977110382352
theta_half_deg:4.5848855519117615
dincl:35.0