index:532
Unnamed: 0:10694
mdot:22.0
m:27.8
idum:-140000
iidd:2761733
Z:0.002
tage:10.0
mdot_gs:1.386607346566279e+21
LEdd:3.336e+39
MEdd:4.448e+19
mdot_ratio:31.173726316687933
XLsph:2.638677856674282e+41
XLsph2:5.943536215452827e+40
LXtot:1.481042431773043e+40
b:0.07511824338500886
Lx:1.9716148368674585e+41
ratio:4.4395756348112805
ratio_beamed:59.10116417468401
theta:0.7801436175149671
theta_deg:44.698936697675975
theta_half_deg:22.349468348837988
dincl:10.0