index:546
Unnamed: 0:10674
mdot:6.3
m:11.0
idum:-130000
iidd:1118838
Z:0.002
tage:10.0
mdot_gs:3.970739219712526e+20
LEdd:1.32e+39
MEdd:1.7600000000000004e+19
mdot_ratio:22.561018293821174
XLsph:5.070277342233796e+40
XLsph2:1.231778902419003e+40
LXtot:5.4334151028282474e+39
b:0.14341859537703558
Lx:3.788501127447421e+40
ratio:4.116223562748671
ratio_beamed:28.70076611702591
theta:1.084377143448004
theta_deg:62.13023372002288
theta_half_deg:31.06511686001144
dincl:10.0