index:547
Unnamed: 0:10673
mdot:6.1
m:12.8
idum:-130000
iidd:925712
Z:0.002
tage:10.0
mdot_gs:3.8446840063883195e+20
LEdd:1.5360000000000003e+39
MEdd:2.0480000000000004e+19
mdot_ratio:18.77287112494296
XLsph:3.9025919940878627e+40
XLsph2:9.924166638107876e+39
LXtot:6.040186064491392e+39
b:0.207138803182363
Lx:2.9160089619585517e+40
ratio:3.9324128024032485
ratio_beamed:18.98443334608432
theta:1.310612956444246
theta_deg:75.09259097941847
theta_half_deg:37.546295489709244
dincl:45.0