index:559
Unnamed: 0:10623
mdot:6.7
m:13.8
idum:-100000
iidd:8152754
Z:0.002
tage:10.0
mdot_gs:4.222849646360941e+20
LEdd:1.6560000000000005e+39
MEdd:2.2080000000000004e+19
mdot_ratio:19.125224847649182
XLsph:4.387557192644271e+40
XLsph2:1.1104905485364463e+40
LXtot:6.542869473850774e+39
b:0.1995766648280719
Lx:3.2783739920131543e+40
ratio:3.951008136383317
ratio_beamed:19.79694439621469
theta:1.2855904358537047
theta_deg:73.65890615680127
theta_half_deg:36.82945307840063
dincl:40.0