index:560
Unnamed: 0:10676
mdot:6.7
m:10.0
idum:-130000
iidd:3218881
Z:0.002
tage:10.0
mdot_gs:4.222849646360941e+20
LEdd:1.2e+39
MEdd:1.6e+19
mdot_ratio:26.39281028975588
XLsph:6.548414466549343e+40
XLsph2:1.5324769569802961e+40
LXtot:5.1277099626629154e+39
b:0.10479766059024984
Lx:4.892962241506359e+40
ratio:4.273091635552429
ratio_beamed:40.774685345886326
theta:0.9238226177078164
theta_deg:52.9311370133856
theta_half_deg:26.4655685066928
dincl:5.0