index:571
Unnamed: 0:10622
mdot:310.0
m:30.8
idum:-100000
iidd:7636070
Z:0.002
tage:10.0
mdot_gs:1.9538558065252118e+22
LEdd:3.696e+39
MEdd:4.928e+19
mdot_ratio:396.4804802202132
XLsph:7.4376519314645335e+43
XLsph2:1.065165321621731e+43
LXtot:2.5807788688463514e+40
b:0.0032
Lx:8.064933965144849e+42
ratio:6.982626809649219
ratio_beamed:2182.070878015381
theta:0.16004269741595525
theta_deg:9.16977110382352
theta_half_deg:4.5848855519117615
dincl:35.0