index:572
Unnamed: 0:10650
mdot:3.0
m:12.8
idum:-110000
iidd:8565057
Z:0.002
tage:10.0
mdot_gs:1.890828199863108e+20
LEdd:1.5360000000000003e+39
MEdd:2.0480000000000004e+19
mdot_ratio:9.232559569644078
XLsph:7.735736372577932e+39
XLsph2:2.400362798789865e+39
LXtot:4.950122987354256e+39
b:0.8564038740461919
Lx:5.780126803918755e+39
ratio:3.2227363198920935
ratio_beamed:3.7631033879679383
theta:2.853404152853061
theta_deg:163.4880152035824
theta_half_deg:81.7440076017912
dincl:20.0