index:574
Unnamed: 0:10648
mdot:10.0
m:35.4
idum:-110000
iidd:8478601
Z:0.002
tage:10.0
mdot_gs:6.302760666210359e+20
LEdd:4.2480000000000005e+39
MEdd:5.664e+19
mdot_ratio:11.12775541350699
XLsph:3.2879443089971995e+40
XLsph2:9.643642129475922e+39
LXtot:1.4483311633816449e+40
b:0.5895324529539507
Lx:2.4567454363615435e+40
ratio:3.409442475003872
ratio_beamed:5.783299049815309
theta:2.295659184693581
theta_deg:131.53158248338576
theta_half_deg:65.76579124169288
dincl:20.0