index:56
Unnamed: 0:41
mdot:5.8
m:14.4
idum:-130000
iidd:6665155
Z:0.0002
tage:10.0
mdot_gs:3.655601186402008e+20
LEdd:1.7280000000000002e+39
MEdd:2.3040000000000004e+19
mdot_ratio:15.866324593758712
XLsph:3.0019980623047804e+40
XLsph2:7.975131313707756e+39
LXtot:6.504535721871316e+39
b:0.2899814321583652
Lx:2.2430869705888774e+40
ratio:3.764198913119973
ratio_beamed:12.980827376093039
theta:1.5625434997532648
theta_deg:89.52714784146308
theta_half_deg:44.76357392073154
dincl:5.0