index:575
Unnamed: 0:10665
mdot:2.6
m:1.9
idum:-120000
iidd:3877277
Z:0.002
tage:10.0
mdot_gs:1.6387177732146935e+20
LEdd:2.28e+38
MEdd:1.2666666666666668e+18
mdot_ratio:129.37245578010737
XLsph:4.1016373956079255e+41
XLsph2:6.9961631074927005e+40
LXtot:1.3366945736257373e+39
b:0.004361533533619354
Lx:3.0647352893708027e+41
ratio:5.862695498358496
ratio_beamed:1344.1821444608784
theta:0.18686268160587807
theta_deg:10.706443004513693
theta_half_deg:5.353221502256846
dincl:10.0