index:585
Unnamed: 0:10635
mdot:5.3
m:16.0
idum:-110000
iidd:4020027
Z:0.002
tage:10.0
mdot_gs:3.34046315309149e+20
LEdd:1.92e+39
MEdd:2.56e+19
mdot_ratio:13.048684191763632
XLsph:2.1388710364878416e+40
XLsph2:5.993439201600653e+39
LXtot:6.851879616898272e+39
b:0.4287354745024767
Lx:1.5981601767032436e+40
ratio:3.568687300467849
ratio_beamed:8.323750920329394
theta:1.9255012621881735
theta_deg:110.32309577049531
theta_half_deg:55.16154788524766
dincl:5.0