index:593
Unnamed: 0:10684
mdot:41.0
m:39.6
idum:-130000
iidd:6847751
Z:0.002
tage:10.0
mdot_gs:2.584131873146247e+21
LEdd:4.7520000000000006e+39
MEdd:6.336000000000001e+19
mdot_ratio:40.784909614050605
XLsph:6.823106073729646e+41
XLsph2:1.449161792059533e+41
LXtot:2.2373899339619965e+40
b:0.043885783042634435
Lx:5.098211263060757e+41
ratio:4.708312150593428
ratio_beamed:107.28559055262535
theta:0.59471396204625
theta_deg:34.07460004275355
theta_half_deg:17.037300021376776
dincl:30.0