index:605
Unnamed: 0:10616
mdot:9.2
m:35.9
idum:-100000
iidd:4212767
Z:0.002
tage:10.0
mdot_gs:5.7985398129135295e+20
LEdd:4.308e+39
MEdd:5.744000000000001e+19
mdot_ratio:10.094950927774251
XLsph:2.6657567802202293e+40
XLsph2:8.04869654381476e+39
LXtot:1.4268248463180043e+40
b:0.7163321375845243
Lx:1.9918481545854765e+40
ratio:3.3120353907103164
ratio_beamed:4.623602958647808
theta:2.566358774097392
theta_deg:147.0415264721484
theta_half_deg:73.5207632360742
dincl:5.0