index:607
Unnamed: 0:10614
mdot:5.0
m:16.6
idum:-100000
iidd:921186
Z:0.002
tage:10.0
mdot_gs:3.1513803331051795e+20
LEdd:1.992e+39
MEdd:2.6560000000000004e+19
mdot_ratio:11.86513679632974
XLsph:1.7858979010678541e+40
XLsph2:5.141339328063969e+39
LXtot:6.919420003088548e+39
b:0.5185341464329877
Lx:1.3344193532262922e+40
ratio:3.473604419221158
ratio_beamed:6.698892335473353
theta:2.1369398396926984
theta_deg:122.43763388775434
theta_half_deg:61.21881694387717
dincl:10.0