index:614
Unnamed: 0:10629
mdot:610.0
m:19.3
idum:-110000
iidd:2052873
Z:0.002
tage:10.0
mdot_gs:3.84468400638832e+22
LEdd:2.316e+39
MEdd:3.088000000000001e+19
mdot_ratio:1245.0401575091705
XLsph:5.349003190802835e+44
XLsph2:6.581830723719214e+43
LXtot:1.8821953814848466e+40
b:0.0032
Lx:5.881860567140144e+42
ratio:8.126923063406071
ratio_beamed:2539.663457314397
theta:0.16004269741595525
theta_deg:9.16977110382352
theta_half_deg:4.5848855519117615
dincl:30.0