index:615
Unnamed: 0:10644
mdot:3.9
m:8.9
idum:-110000
iidd:7279272
Z:0.002
tage:10.0
mdot_gs:2.45807665982204e+20
LEdd:1.0680000000000001e+39
MEdd:1.4240000000000002e+19
mdot_ratio:17.261774296503088
XLsph:2.2453002401413524e+40
XLsph2:5.83423011948566e+39
LXtot:4.1101921030882624e+39
b:0.2449920504894328
Lx:1.6776838656099768e+40
ratio:3.848494478547061
ratio_beamed:15.708650427059707
theta:1.4302601679280367
theta_deg:81.94787122794891
theta_half_deg:40.973935613974454
dincl:30.0