index:621
Unnamed: 0:10806
mdot:6.2
m:14.8
idum:-190000
iidd:6551220
Z:0.002
tage:10.0
mdot_gs:3.907711613050423e+20
LEdd:1.776e+39
MEdd:2.368e+19
mdot_ratio:16.502160528084556
XLsph:3.372472677924198e+40
XLsph2:8.866781596202518e+39
LXtot:6.755000572652626e+39
b:0.2680656982707203
Lx:2.5199048651986544e+40
ratio:3.8034913134305315
ratio_beamed:14.18865352026269
theta:1.4992797348873832
theta_deg:85.90240111854004
theta_half_deg:42.95120055927001
dincl:40.0