index:623
Unnamed: 0:11015
mdot:13.0
m:10.7
idum:-90000
iidd:8490806
Z:0.002
tage:10.0
mdot_gs:8.193588866073466e+20
LEdd:1.2840000000000001e+39
MEdd:1.712e+19
mdot_ratio:47.85974804949454
XLsph:2.624958012545262e+41
XLsph2:5.39196760783202e+40
LXtot:6.250864866495908e+39
b:0.03186999857907037
Lx:1.9613633966714294e+41
ratio:4.868274818143231
ratio_beamed:152.75415861927019
theta:0.506286361384055
theta_deg:29.008071732341534
theta_half_deg:14.504035866170769
dincl:45.0