index:627
Unnamed: 0:11011
mdot:4.1
m:17.0
idum:-90000
iidd:5921894
Z:0.002
tage:10.0
mdot_gs:2.5841318731462472e+20
LEdd:2.04e+39
MEdd:2.72e+19
mdot_ratio:9.500484827743556
XLsph:1.0975540203974264e+40
XLsph2:3.375694527385738e+39
LXtot:6.632739376879345e+39
b:0.8087817122819959
Lx:8.200901771338178e+39
ratio:3.2513428318036004
ratio_beamed:4.020049887910871
theta:2.7567862784484416
theta_deg:157.95221877467267
theta_half_deg:78.97610938733634
dincl:15.0