index:59
Unnamed: 0:67
mdot:3.6
m:14.9
idum:-150000
iidd:7557848
Z:0.0002
tage:10.0
mdot_gs:2.2689938398357288e+20
LEdd:1.788e+39
MEdd:2.384e+19
mdot_ratio:9.517591610049198
XLsph:9.659754283220818e+39
XLsph2:2.969361550825155e+39
LXtot:5.816617600372447e+39
b:0.8058769398879791
Lx:7.21774915309152e+39
ratio:3.2531418346602057
ratio_beamed:4.036772456986308
theta:2.750865802153953
theta_deg:157.61300047029124
theta_half_deg:78.80650023514562
dincl:30.0