index:636
Unnamed: 0:10988
mdot:3.9
m:15.0
idum:-80000
iidd:4521312
Z:0.002
tage:10.0
mdot_gs:2.45807665982204e+20
LEdd:1.8000000000000002e+39
MEdd:2.4000000000000004e+19
mdot_ratio:10.241986082591831
XLsph:1.1515140729032574e+40
XLsph2:3.4616432042281583e+39
LXtot:5.987691997529302e+39
b:0.6959122757243074
Lx:8.604090208492581e+39
ratio:3.3264955541829453
ratio_beamed:4.780050115829211
theta:2.5236313381004902
theta_deg:144.5934247201106
theta_half_deg:72.2967123600553
dincl:20.0