index:638
Unnamed: 0:11002
mdot:96.0
m:24.2
idum:-90000
iidd:486958
Z:0.002
tage:10.0
mdot_gs:6.050650239561944e+21
LEdd:2.904e+39
MEdd:3.872e+19
mdot_ratio:156.26679337711633
XLsph:7.867543139265801e+42
XLsph2:1.3000841023263854e+42
LXtot:1.7573744064360598e+40
b:0.0032
Lx:5.491795020112686e+42
ratio:6.051564760454752
ratio_beamed:1891.1139876421094
theta:0.16004269741595525
theta_deg:9.16977110382352
theta_half_deg:4.5848855519117615
dincl:5.0