index:683
Unnamed: 0:3359
mdot:4.9
m:13.8
idum:-110000
iidd:701482
Z:0.0002
tage:20.0
mdot_gs:3.088352726443076e+20
LEdd:1.6560000000000005e+39
MEdd:2.2080000000000004e+19
mdot_ratio:13.987104739325524
XLsph:2.1609082566607423e+40
XLsph2:5.939603045301866e+39
LXtot:6.02475290981053e+39
b:0.3731360468193314
Lx:1.6146263437066568e+40
ratio:3.638135815102976
ratio_beamed:9.750159080354207
theta:1.7865494674911389
theta_deg:102.36174437858692
theta_half_deg:51.18087218929347
dincl:20.0