index:688
Unnamed: 0:3396
mdot:7.2
m:22.1
idum:-150000
iidd:1598885
Z:0.0002
tage:20.0
mdot_gs:4.5379876796714575e+20
LEdd:2.6520000000000004e+39
MEdd:3.536000000000001e+19
mdot_ratio:12.833675564681725
XLsph:2.8444539212952915e+40
XLsph2:8.007870969646117e+39
LXtot:9.42009658730612e+39
b:0.44322142719999996
Lx:2.1253703023377025e+40
ratio:3.5520726196478574
ratio_beamed:8.014216826311094
theta:1.9605874791362947
theta_deg:112.33338792070305
theta_half_deg:56.16669396035152
dincl:25.0