index:706
Unnamed: 0:3358
mdot:26.0
m:26.2
idum:-100000
iidd:8642489
Z:0.0002
tage:20.0
mdot_gs:1.6387177732146932e+21
LEdd:3.144e+39
MEdd:4.192e+19
mdot_ratio:39.09154993355661
XLsph:4.109848075508005e+41
XLsph2:8.80825242806147e+40
LXtot:1.4669609499646133e+40
b:0.04777020225481934
Lx:3.070870293032133e+41
ratio:4.665906329403986
ratio_beamed:97.67399150865565
theta:0.6206799814086243
theta_deg:35.56234336297258
theta_half_deg:17.78117168148629
dincl:15.0