index:764
Unnamed: 0:17181
mdot:4.3
m:7.9
idum:-170000
iidd:4393798
Z:0.002
tage:20.0
mdot_gs:2.7101870864704543e+20
LEdd:9.480000000000002e+38
MEdd:1.2640000000000002e+19
mdot_ratio:21.44135353220296
XLsph:3.248247108990226e+40
XLsph2:7.990135925670813e+39
LXtot:3.853924749176541e+39
b:0.1587882874337313
Lx:2.4270837676141165e+40
ratio:4.065321465376097
ratio_beamed:25.602149447406287
theta:1.1425520255491202
theta_deg:65.46340893808798
theta_half_deg:32.73170446904399
dincl:20.0