index:766
Unnamed: 0:17195
mdot:2.3
m:8.7
idum:-170000
iidd:7355746
Z:0.002
tage:20.0
mdot_gs:1.4496349532283824e+20
LEdd:1.0440000000000001e+39
MEdd:1.392e+19
mdot_ratio:10.414044204226883
XLsph:6.939646019327602e+39
XLsph2:2.075777341400502e+39
LXtot:3.4902541325987817e+39
b:0.6731068752573011
Lx:5.185289678202444e+39
ratio:3.3431552994241214
ratio_beamed:4.966752565328012
theta:2.475564228483885
theta_deg:141.83938220568646
theta_half_deg:70.91969110284323
dincl:25.0